Listening to port 4567
Connected!!!
EKF: 
Initializing LASER
RMSE:
 0.287757
0.0196602
  5.19994
        0

x_ = 0.778958
0.720842
 2.14624
 3.95238
P_ =   0.0188395   0.0342893 9.10882e-05 0.000132673
  0.0342893   0.0641215 0.000132673 0.000266294
9.10882e-05 0.000132673    0.809544   -0.391065
0.000132673 0.000266294   -0.391065     0.29311
RMSE:
  0.21139
0.0865403
  4.26399
  2.79349

x_ = 0.840624
0.720743
 2.96226
 3.49982
P_ = 0.00599865  0.0062922  0.0355961 -0.0185732
 0.0062922   0.014308 -0.0185732  0.0110687
 0.0355961 -0.0185732   0.750942  -0.347559
-0.0185732  0.0110687  -0.347559   0.291962
RMSE:
  0.23623
0.0991682
  3.71341
  3.04512

x_ =  1.10374
0.471915
 5.25135
 1.65948
P_ =  0.00689525   0.0055672   0.0262141  -0.0195677
  0.0055672  0.00688618   0.0125407 -0.00886405
  0.0262141   0.0125407    0.174708   -0.101815
 -0.0195677 -0.00886405   -0.101815    0.140146
RMSE:
0.246834
 0.10732
 3.21601
 2.76299

x_ =  1.45682
0.603592
 5.56423
 1.44586
P_ = 0.00648689 0.00275241  0.0243624 -0.0173909
0.00275241 0.00448788 0.00161984 0.00198036
 0.0243624 0.00161984    0.15822 -0.0750223
-0.0173909 0.00198036 -0.0750223   0.143701
RMSE:
 0.235469
0.0959951
  2.88114
  2.55246

x_ =  1.69322
0.585015
 5.40083
 1.15015
P_ = 0.00623831 0.00201717  0.0152856 -0.0164414
0.00201717 0.00266448 0.00202184 0.00113802
 0.0152856 0.00202184   0.072757 -0.0434121
-0.0164414 0.00113802 -0.0434121   0.126318
RMSE:
 0.230908
0.0879203
  2.63141
  2.37476

x_ =  2.02214
0.651007
  5.5452
 1.01146
P_ =   0.00585128  0.000772136    0.0144236   -0.0140469
 0.000772136   0.00269508 -0.000799653   0.00769491
   0.0144236 -0.000799653    0.0827603    -0.031196
  -0.0140469   0.00769491    -0.031196     0.134457
RMSE:
0.220012
0.083308
 2.43977
 2.22919

x_ =  2.24864
0.670902
 5.26764
0.892648
P_ =   0.00560391  0.000573282   0.00985831   -0.0117706
 0.000573282   0.00233326 -0.000594586   0.00750214
  0.00985831 -0.000594586    0.0522382   -0.0229334
  -0.0117706   0.00750214   -0.0229334     0.116273
RMSE:
 0.214488
0.0812073
  2.28234
  2.10638

x_ =  2.54517
0.708614
  5.3347
0.803149
P_ =   0.00518283 -6.84371e-05    0.0100254  -0.00989956
-6.84371e-05    0.0029445  -0.00147374    0.0120228
   0.0100254  -0.00147374    0.0688171   -0.0162688
 -0.00989956    0.0120228   -0.0162688     0.125674
RMSE:
 0.207107
0.0834327
  2.15232
  2.00112

x_ =  2.82758
0.702799
 5.31122
0.571007
P_ =   0.00499149 -3.03558e-05   0.00730636  -0.00786749
-3.03558e-05   0.00283125  -0.00129242    0.0111421
  0.00730636  -0.00129242    0.0476177   -0.0158062
 -0.00786749    0.0111421   -0.0158062     0.110531
RMSE:
 0.199616
0.0841139
  2.04221
  1.90475

x_ =  3.07793
0.717705
 5.28876
 0.53452
P_ =   0.00463959 -0.000352632   0.00810356  -0.00660247
-0.000352632   0.00355779  -0.00159276    0.0143708
  0.00810356  -0.00159276    0.0662787   -0.0114682
 -0.00660247    0.0143708   -0.0114682     0.119485
RMSE:
 0.193777
0.0857265
  1.94739
  1.82086

x_ =  3.37785
0.649434
 5.31902
0.129432
P_ =   0.00454771 -0.000260391   0.00611824  -0.00534477
-0.000260391   0.00352021  -0.00147557    0.0135027
  0.00611824  -0.00147557    0.0463156   -0.0130023
 -0.00534477    0.0135027   -0.0130023     0.110554
RMSE:
 0.186974
0.0824393
  1.86486
  1.74334

x_ =   3.69764
  0.58721
  5.42342
-0.162624
P_ =   0.00427308 -0.000417712   0.00724848  -0.00449262
-0.000417712   0.00418844  -0.00156296    0.0158343
  0.00724848  -0.00156296    0.0657696  -0.00970995
 -0.00449262    0.0158343  -0.00970995     0.118069
RMSE:
0.179725
0.080054
 1.79289
 1.67705

x_ =    3.97998
  0.603611
   5.47092
-0.0745766
P_ =   0.00424764 -0.000336781   0.00546009  -0.00371086
-0.000336781   0.00427208  -0.00112955    0.0155689
  0.00546009  -0.00112955    0.0450376  -0.00919544
 -0.00371086    0.0155689  -0.00919544     0.115229
RMSE:
 0.173189
0.0776468
  1.72936
  1.61729

x_ =    4.26389
  0.594362
   5.48875
-0.0983748
P_ =  0.00402889 -0.00038824  0.00676541 -0.00304607
-0.00038824  0.00481002 -0.00110678   0.0171407
 0.00676541 -0.00110678   0.0649714 -0.00686448
-0.00304607   0.0171407 -0.00686448    0.120487
RMSE:
 0.167468
0.0761649
  1.67259
  1.56419

x_ =    4.52139
  0.611837
   5.33605
-0.0324017
P_ =   0.00404769 -0.000336598    0.0052187  -0.00269766
-0.000336598   0.00501199  -0.00104364     0.017328
   0.0052187  -0.00104364    0.0447736  -0.00826289
 -0.00269766     0.017328  -0.00826289     0.120348
RMSE:
  0.16228
0.0745498
  1.61995
  1.51578

x_ =  4.70851
0.685804
 5.19496
 0.24369
P_ =   0.00387797 -0.000342911   0.00661542  -0.00221028
-0.000342911   0.00536734 -0.000987046    0.0181573
  0.00661542 -0.000987046    0.0648517  -0.00629944
 -0.00221028    0.0181573  -0.00629944     0.123249
RMSE:
 0.157827
0.0724688
  1.57159
  1.47052

x_ =  4.96142
0.680947
  5.0433
0.170124
P_ =   0.00392402 -0.000331028   0.00519242  -0.00223798
-0.000331028   0.00562924  -0.00135038    0.0185851
  0.00519242  -0.00135038    0.0450604  -0.00970262
 -0.00223798    0.0185851  -0.00970262     0.124335
RMSE:
 0.153864
0.0704275
  1.52762
  1.42929

x_ =  5.26565
0.674361
 5.13558
0.110015
P_ =   0.00379195 -0.000330003   0.00663143  -0.00189217
-0.000330003   0.00579323  -0.00124546    0.0187937
  0.00663143  -0.00124546    0.0650986  -0.00749603
 -0.00189217    0.0187937  -0.00749603      0.12542
RMSE:
 0.149767
0.0687005
  1.48689
  1.39188

x_ =  5.52737
0.678939
 5.27133
0.120493
P_ =   0.00384818 -0.000337328   0.00517651  -0.00201577
-0.000337328   0.00621185  -0.00143346    0.0198568
  0.00517651  -0.00143346    0.0449728  -0.00964383
 -0.00201577    0.0198568  -0.00964383     0.129104
RMSE:
 0.145976
0.0673271
  1.44944
  1.35751

x_ =  5.82899
0.688148
 5.33811
0.123515
P_ =   0.00373829 -0.000322767   0.00663306  -0.00169741
-0.000322767   0.00618188  -0.00127475    0.0194549
  0.00663306  -0.00127475    0.0650095  -0.00738485
 -0.00169741    0.0194549  -0.00738485     0.128179
RMSE:
 0.142735
0.0662796
  1.41505
  1.32591

x_ =    6.06917
  0.630049
   5.13157
-0.0894797
P_ =   0.00380201 -0.000352757   0.00517504  -0.00191812
-0.000352757   0.00676719  -0.00149022    0.0211013
  0.00517504  -0.00149022    0.0448793   -0.0095266
 -0.00191812    0.0211013   -0.0095266      0.13377
RMSE:
 0.139539
0.0694399
  1.38252
   1.2998

x_ =  6.32385
0.719257
 5.11811
0.197826
P_ =   0.00370569 -0.000324036   0.00663865  -0.00159177
-0.000324036   0.00653737  -0.00128022      0.02008
  0.00663865  -0.00128022    0.0649125  -0.00720691
 -0.00159177      0.02008  -0.00720691     0.130797
RMSE:
 0.136536
0.0687043
  1.35215
   1.2723

x_ =  6.57431
0.747441
 5.06614
0.250207
P_ =   0.00377526 -0.000376419   0.00518824   -0.0019055
-0.000376419   0.00724761  -0.00160263    0.0221349
  0.00518824  -0.00160263    0.0448727  -0.00975304
  -0.0019055    0.0221349  -0.00975304     0.137571
RMSE:
 0.133689
0.0678843
  1.32377
  1.24646

x_ =  6.82085
0.746692
 5.05543
0.211398
P_ =   0.00368733 -0.000335406   0.00665309  -0.00156007
-0.000335406    0.0068299   -0.0013366    0.0205624
  0.00665309   -0.0013366    0.0648847  -0.00728846
 -0.00156007    0.0205624  -0.00728846     0.132876
RMSE:
 0.130989
0.0680241
  1.29712
  1.22293

x_ =  7.06232
0.731929
 4.87979
0.120834
P_ =  0.00375993 -0.00040277  0.00519854 -0.00192341
-0.00040277   0.0076713 -0.00168343   0.0230418
 0.00519854 -0.00168343   0.0448533 -0.00987096
-0.00192341   0.0230418 -0.00987096    0.140887
RMSE:
 0.128468
0.0703284
  1.27285
  1.20246

x_ =  7.27531
0.809564
 4.81643
 0.33678
P_ =   0.00367661 -0.000348357   0.00666216   -0.0015475
-0.000348357   0.00707873  -0.00136816    0.0209688
  0.00666216  -0.00136816    0.0648511  -0.00729165
  -0.0015475    0.0209688  -0.00729165     0.134658
RMSE:
  0.12652
0.0701662
  1.25041
  1.18123

x_ =  7.57576
0.823068
 5.16059
0.344017
P_ =   0.00375374 -0.000439731   0.00522362  -0.00200579
-0.000439731   0.00803038  -0.00185944    0.0237853
  0.00522362  -0.00185944    0.0449457   -0.0104881
 -0.00200579    0.0237853   -0.0104881     0.143548
RMSE:
 0.124257
0.0707231
  1.22792
  1.16152

x_ =  7.83115
0.801535
  5.1601
0.231454
P_ =   0.00367293 -0.000372908   0.00668251  -0.00159468
-0.000372908   0.00728162  -0.00147923    0.0212809
  0.00668251  -0.00147923    0.0649031  -0.00766407
 -0.00159468    0.0212809  -0.00766407     0.136052
RMSE:
 0.122112
0.0742195
  1.20661
  1.14481

x_ =  8.07907
0.818259
 4.97901
0.231969
P_ =    0.0037488 -0.000463473   0.00521715  -0.00201401
-0.000463473   0.00838218  -0.00182679    0.0245683
  0.00521715  -0.00182679    0.0448329   -0.0100909
 -0.00201401    0.0245683   -0.0100909     0.146356
RMSE:
 0.120104
0.0786358
   1.1865
  1.12972

x_ =  8.31479
0.834688
  4.9546
0.247574
P_ =   0.00366834 -0.000380186   0.00667414  -0.00155964
-0.000380186   0.00747852  -0.00142091    0.0216208
  0.00667414  -0.00142091    0.0648064  -0.00729464
 -0.00155964    0.0216208  -0.00729464     0.137501
RMSE:
  0.11833
0.0840819
  1.16742
  1.11598

x_ =   8.5889
 0.92462
 5.23627
0.492636
P_ =   0.00374583 -0.000482693   0.00521589  -0.00201988
-0.000482693   0.00868784  -0.00184668    0.0252227
  0.00521589  -0.00184668    0.0447999   -0.0100438
 -0.00201988    0.0252227   -0.0100438      0.14861
RMSE:
   0.1165
0.0861539
  1.14943
  1.10037

x_ =  8.83197
0.984796
 5.19903
0.596411
P_ =   0.00366564 -0.000387302   0.00667162  -0.00153942
-0.000387302   0.00764412  -0.00141284    0.0218876
  0.00667162  -0.00141284    0.0647748   -0.0072102
 -0.00153942    0.0218876   -0.0072102     0.138626
RMSE:
 0.114809
0.0873698
  1.13217
  1.08503

x_ =  9.12443
 1.02307
 5.24569
0.615316
P_ =   0.00375079 -0.000532578    0.0052607  -0.00218241
-0.000532578   0.00896483  -0.00216719    0.0257862
   0.0052607  -0.00216719    0.0450593   -0.0114173
 -0.00218241    0.0257862   -0.0114173     0.150372
RMSE:
 0.113135
0.0888733
  1.11596
  1.07072

x_ = 9.36545
1.05469
5.20701
0.62037
P_ =   0.00367048 -0.000425769   0.00670687  -0.00166325
-0.000425769   0.00778809  -0.00163749    0.0220924
  0.00670687  -0.00163749    0.0649526  -0.00813187
 -0.00166325    0.0220924  -0.00813187     0.139414
RMSE:
 0.111509
0.0910756
  1.10034
  1.05759

x_ =  9.64683
 1.12851
 5.25661
0.741481
P_ =  0.00375745 -0.00058427  0.00529184 -0.00233354
-0.00058427  0.00921593 -0.00235545   0.0263066
 0.00529184 -0.00235545   0.0451842  -0.0120894
-0.00233354   0.0263066  -0.0120894    0.152051
RMSE:
 0.110097
0.0922521
  1.08575
  1.04441

x_ = 9.92659
1.26141
5.27625
1.00836
P_ =   0.00367534 -0.000460009    0.0067277  -0.00175332
-0.000460009   0.00791655   -0.0017526    0.0222828
   0.0067277   -0.0017526    0.0650276  -0.00852583
 -0.00175332    0.0222828  -0.00852583     0.140183
RMSE:
 0.109108
0.0913641
  1.07202
  1.03045

x_ =  10.172
1.34345
5.01834
1.07075
P_ =    0.0037727 -0.000667485   0.00537103  -0.00261737
-0.000667485   0.00943952  -0.00279086    0.0267332
  0.00537103  -0.00279086    0.0456059   -0.0139189
 -0.00261737    0.0267332   -0.0139189     0.153247
RMSE:
 0.108107
0.0902576
  1.05785
  1.01705

x_ =  10.393
1.42317
4.96029
1.14771
P_ =   0.00368789 -0.000522663   0.00678653  -0.00195819
-0.000522663   0.00802533  -0.00205233    0.0224122
  0.00678653  -0.00205233    0.0653104  -0.00973088
 -0.00195819    0.0224122  -0.00973088     0.140637
RMSE:
 0.106844
0.0891045
   1.0442
  1.00412

x_ =  10.623
1.49346
4.72615
1.15757
P_ =   0.00379247 -0.000760094   0.00545554  -0.00292091
-0.000760094   0.00961887  -0.00317483    0.0270535
  0.00545554  -0.00317483    0.0460092    -0.015483
 -0.00292091    0.0270535    -0.015483     0.154146
RMSE:
 0.105531
0.0879856
  1.03157
 0.991873

x_ = 10.8408
1.51912
4.69732
1.07121
P_ =   0.00370303 -0.000588926   0.00684609  -0.00216236
-0.000588926    0.0081091  -0.00230802    0.0224959
  0.00684609  -0.00230802    0.0655731   -0.0107352
 -0.00216236    0.0224959   -0.0107352     0.140974
RMSE:
 0.104253
0.0872071
  1.01944
 0.981023

x_ = 11.1122
1.56154
4.88935
1.05288
P_ =   0.00380956 -0.000836044   0.00550616  -0.00313762
-0.000836044   0.00977035   -0.0033578    0.0273436
  0.00550616   -0.0033578    0.0461912   -0.0161874
 -0.00313762    0.0273436   -0.0161874     0.155078
RMSE:
 0.103029
0.0869458
  1.00723
 0.971328

x_ = 11.3947
1.60782
4.95968
1.02993
P_ =   0.00371449 -0.000637362   0.00687703  -0.00228524
-0.000637362   0.00818014  -0.00241481    0.0225836
  0.00687703  -0.00241481    0.0656832   -0.0111538
 -0.00228524    0.0225836   -0.0111538     0.141385
RMSE:
 0.102145
0.0873794
  0.99557
 0.962971

x_ =  11.6261
  1.6489
 4.86335
0.993416
P_ =   0.00382163 -0.000891569   0.00552816  -0.00326863
-0.000891569   0.00992301  -0.00342283    0.0276712
  0.00552816  -0.00342283    0.0462398   -0.0164343
 -0.00326863    0.0276712   -0.0164343     0.156155
RMSE:
 0.101177
0.0889586
 0.984202
 0.956283

x_ = 11.8529
1.71863
4.83051
 1.0506
P_ =   0.00372148 -0.000668548   0.00688674   -0.0023429
-0.000668548   0.00825353  -0.00243788     0.022699
  0.00688674  -0.00243788     0.065708   -0.0112773
  -0.0023429     0.022699   -0.0112773     0.141869
RMSE:
 0.100132
0.0908666
 0.973212
 0.950004

x_ = 12.1136
1.80238
4.99084
1.15399
P_ =   0.00383183 -0.000937455   0.00555375   -0.0033777
-0.000937455    0.0100538  -0.00352275    0.0279359
  0.00555375  -0.00352275    0.0463557   -0.0168872
  -0.0033777    0.0279359   -0.0168872     0.156963
RMSE:
0.0992996
 0.092698
 0.963097
 0.943488

x_ = 12.3588
1.83304
4.98687
 1.0808
P_ =   0.00372781 -0.000695517   0.00690168  -0.00239901
-0.000695517   0.00831492  -0.00249252    0.0227841
  0.00690168  -0.00249252    0.0657849   -0.0115657
 -0.00239901    0.0227841   -0.0115657     0.142207
RMSE:
0.0985756
0.0967695
 0.953449
 0.939317

x_ = 12.6184
1.88178
 5.0937
1.07809
P_ =   0.00384083 -0.000977518   0.00557838  -0.00347732
-0.000977518    0.0101756  -0.00362123    0.0281842
  0.00557838  -0.00362123     0.046474   -0.0173367
 -0.00347732    0.0281842   -0.0173367     0.157705
RMSE:
0.0982076
 0.102586
 0.945067
 0.936542

x_ = 12.8189
2.03373
 4.9803
1.35197
P_ =  0.00373345 -0.00071914  0.00691659  -0.0024525
-0.00071914  0.00837168 -0.00254762   0.0228633
 0.00691659 -0.00254762   0.0658638  -0.0118535
 -0.0024525   0.0228633  -0.0118535    0.142508
RMSE:
0.0974086
  0.10542
 0.936367
 0.930798

x_ = 13.0898
2.14089
5.12907
1.47673
P_ =  0.00385642 -0.00103587  0.00564878 -0.00366463
-0.00103587   0.0102747 -0.00390538   0.0283478
 0.00564878 -0.00390538   0.0468585  -0.0185789
-0.00366463   0.0283478  -0.0185789     0.15805
RMSE:
0.0971306
 0.107781
 0.929506
 0.924606

x_ = 13.2967
2.29541
5.02552
1.70215
P_ =   0.00374532 -0.000760636   0.00696686  -0.00258444
-0.000760636   0.00841394  -0.00273733    0.0228913
  0.00696686  -0.00273733    0.0661216   -0.0126779
 -0.00258444    0.0228913   -0.0126779     0.142569
RMSE:
0.096515
0.108471
 0.92223
0.917104

x_ = 13.4716
2.42143
4.61151
1.77719
P_ =  0.00388216 -0.00112057  0.00576675 -0.00395574
-0.00112057   0.0103532 -0.00432731   0.0284419
 0.00576675 -0.00432731   0.0474729  -0.0203735
-0.00395574   0.0284419  -0.0203735    0.158092
RMSE:
0.0955837
 0.108684
 0.913342
 0.909819

x_ = 13.7204
2.54837
4.63805
1.87701
P_ =   0.00376523 -0.000822751   0.00705104  -0.00279234
-0.000822751   0.00844292  -0.00302172    0.0228773
  0.00705104  -0.00302172    0.0665276   -0.0138578
 -0.00279234    0.0228773   -0.0138578     0.142447
RMSE:
0.0947394
 0.108565
 0.904819
  0.90255

x_ = 13.9416
 2.6467
4.58112
1.88386
P_ =  0.00391535 -0.00121951  0.00590338 -0.00428902
-0.00121951   0.0104101 -0.00474615   0.0284863
 0.00590338 -0.00474615   0.0481338   -0.022131
-0.00428902   0.0284863   -0.022131    0.157997
RMSE:
0.0939006
 0.108739
 0.896504
 0.896045

x_ = 14.1694
2.81495
4.56431
2.08271
P_ =   0.00378996 -0.000893192   0.00714571  -0.00301996
-0.000893192    0.0084601  -0.00329984    0.0228416
  0.00714571  -0.00329984    0.0669576   -0.0149986
 -0.00301996    0.0228416   -0.0149986     0.142263
RMSE:
0.0931066
 0.108122
 0.888484
 0.888803

x_ = 14.4229
2.92161
4.73884
 2.1123
P_ =  0.00395413 -0.00132586  0.00605075 -0.00463512
-0.00132586   0.0104555 -0.00514518   0.0285125
 0.00605075 -0.00514518   0.0488191  -0.0238087
-0.00463512   0.0285125  -0.0238087    0.157851
RMSE:
0.0926001
 0.107703
  0.88175
 0.882063

x_ = 14.6314
2.99061
4.69396
2.01946
P_ =   0.00381802 -0.000966919   0.00724553  -0.00324836
-0.000966919   0.00847112  -0.00356119    0.0227991
  0.00724553  -0.00356119    0.0674006   -0.0160816
 -0.00324836    0.0227991   -0.0160816     0.142051
RMSE:
0.0920078
 0.108295
 0.875231
 0.876966

x_ = 14.8655
3.13919
4.73836
2.16055
P_ =  0.00398687 -0.00141252  0.00614262 -0.00489069
-0.00141252   0.0105047 -0.00533935   0.0285961
 0.00614262 -0.00533935   0.0491658  -0.0246468
-0.00489069   0.0285961  -0.0246468    0.158041
RMSE:
0.0916292
 0.108462
 0.869646
 0.871388

x_ = 15.0776
3.34857
 4.6712
2.43503
P_ =  0.00383944 -0.00102149  0.00730139 -0.00339564
-0.00102149  0.00848761 -0.00367666   0.0228024
 0.00730139 -0.00367666   0.0676183  -0.0166039
-0.00339564   0.0228024  -0.0166039    0.142058
RMSE:
0.0912473
  0.10767
 0.864092
 0.864595

x_ = 15.2902
3.49533
4.46155
2.46706
P_ =  0.00403006 -0.00151614  0.00631256 -0.00521902
-0.00151614   0.0105338 -0.00576176   0.0285712
 0.00631256 -0.00576176   0.0500254  -0.0265012
-0.00521902   0.0285712  -0.0265012    0.157606
RMSE:
0.0909015
  0.10684
 0.857617
 0.858207

x_ = 15.5048
3.69767
4.42787
2.67826
P_ =  0.00387094 -0.00109387  0.00741867 -0.00361872
-0.00109387  0.00848909 -0.00395717   0.0227307
 0.00741867 -0.00395717   0.0681874  -0.0178336
-0.00361872   0.0227307  -0.0178336     0.14166
RMSE:
0.0906525
  0.10604
 0.851438
 0.851389

x_ = 15.7188
3.80918
4.36548
2.60569
P_ =  0.00408215 -0.00163053  0.00651461 -0.00558609
-0.00163053   0.0105465  -0.0062139   0.0284986
 0.00651461  -0.0062139   0.0510083  -0.0284474
-0.00558609   0.0284986  -0.0284474    0.157009
RMSE:
0.0905386
 0.105181
 0.845395
 0.845398

x_ = 15.9409
3.96053
4.36739
2.66061
P_ =  0.00390874 -0.00117359  0.00755671 -0.00386565
-0.00117359  0.00848077 -0.00425582   0.0226331
 0.00755671 -0.00425582   0.0688305  -0.0191118
-0.00386565   0.0226331  -0.0191118    0.141175
RMSE:
0.0907579
 0.104344
 0.839896
 0.839676

x_ = 16.1413
4.09003
4.15297
2.60683
P_ =  0.00413116 -0.00173259  0.00667083 -0.00589795
-0.00173259   0.0105609 -0.00650271   0.0284768
 0.00667083 -0.00650271   0.0516763  -0.0297118
-0.00589795   0.0284768  -0.0297118    0.156749
RMSE:
0.0909971
 0.103552
 0.833723
 0.835038

x_ = 16.3334
4.30596
4.10266
2.83541
P_ =  0.00394198 -0.00124023  0.00765686 -0.00405725
-0.00124023  0.00847641 -0.00443774   0.0225772
 0.00765686 -0.00443774   0.0692599  -0.0199258
-0.00405725   0.0225772  -0.0199258    0.140914
RMSE:
0.0911687
 0.102886
 0.827758
 0.829435

x_ =  16.549
4.44972
4.12795
2.84018
P_ =  0.00418469 -0.00183595  0.00685911 -0.00621624
-0.00183595   0.0105621 -0.00685573   0.0283988
 0.00685911 -0.00685573    0.052569  -0.0312774
-0.00621624   0.0283988  -0.0312774    0.156181
RMSE:
0.0917717
 0.102159
 0.822397
 0.824393

x_ = 16.7239
4.63128
4.05859
2.95055
P_ =  0.00397944 -0.00130985  0.00778242 -0.00426349
-0.00130985  0.00846359 -0.00466742   0.0224859
 0.00778242 -0.00466742   0.0698463  -0.0209587
-0.00426349   0.0224859  -0.0209587     0.14046
RMSE:
0.092086
0.101552
0.817164
0.819233

x_ = 16.8851
4.77534
3.68426
2.86305
P_ =  0.00423957 -0.00193555  0.00704562 -0.00652206
-0.00193555   0.0105579  -0.0071761    0.028316
 0.00704562  -0.0071761   0.0534335  -0.0327092
-0.00652206    0.028316  -0.0327092    0.155627
RMSE:
0.0920112
 0.100845
 0.811135
 0.815391

x_ = 17.0383
5.03284
3.59493
3.16884
P_ =  0.00401737 -0.00137616   0.0079054 -0.00445879
-0.00137616  0.00844844  -0.0048742   0.0223956
  0.0079054  -0.0048742   0.0704128  -0.0219014
-0.00445879   0.0223956  -0.0219014    0.140021
RMSE:
0.0916114
 0.101017
 0.805236
 0.810066

x_ = 17.2166
5.16762
3.55429
 3.0924
P_ =  0.00430489 -0.00204426  0.00729235 -0.00686425
-0.00204426   0.0105331 -0.00759672   0.0281452
 0.00729235 -0.00759672   0.0546433  -0.0345522
-0.00686425   0.0281452  -0.0345522    0.154643
RMSE:
0.0912251
 0.100677
 0.799475
 0.805734

x_ =  17.368
5.37136
3.49075
3.22617
P_ =  0.00406418 -0.00145138  0.00807321 -0.00468933
-0.00145138  0.00841957 -0.00515222   0.0222498
 0.00807321 -0.00515222   0.0712094  -0.0231251
-0.00468933   0.0222498  -0.0231251    0.139318
RMSE:
0.090682
0.100674
0.793849
0.801081

x_ = 17.5342
5.49819
3.40002
3.10923
P_ =  0.00437106 -0.00214805  0.00751726 -0.00718737
-0.00214805   0.0105066 -0.00792947   0.0280028
 0.00751726 -0.00792947   0.0556673  -0.0360282
-0.00718737   0.0280028  -0.0360282    0.153875
RMSE:
0.0901302
 0.100125
 0.788331
  0.79795

x_ =  17.721
5.63739
3.43655
3.06317
P_ =  0.00410993 -0.00152073  0.00822114 -0.00489618
-0.00152073  0.00839163 -0.00536742   0.0221283
 0.00822114 -0.00536742   0.0718767  -0.0240942
-0.00489618   0.0221283  -0.0240942    0.138759
RMSE:
0.0897258
 0.099437
 0.783138
 0.796047

x_ = 17.8763
5.79302
3.27411
3.02998
P_ =   0.0044265  -0.0022323   0.0076697 -0.00743979
 -0.0022323   0.0104917 -0.00810933   0.0279399
  0.0076697 -0.00810933   0.0562891  -0.0369118
-0.00743979   0.0279399  -0.0369118    0.153526
RMSE:
0.0892822
0.0988211
 0.777887
 0.795374

x_ = 18.0402
6.02235
3.25113
3.23161
P_ =  0.00414585 -0.00157351  0.00831501 -0.00504434
-0.00157351  0.00837393 -0.00547742   0.0220645
 0.00831501 -0.00547742   0.0722833   -0.024673
-0.00504434   0.0220645   -0.024673    0.138465
RMSE:
 0.088896
0.0981664
 0.772869
 0.793173

x_ = 18.1993
 6.2038
3.22178
3.27874
P_ =  0.00448662 -0.00231792  0.00787655 -0.00770131
-0.00231792   0.0104663 -0.00839665   0.0278032
 0.00787655 -0.00839665    0.057301   -0.038242
-0.00770131   0.0278032   -0.038242    0.152716
RMSE:
0.0885688
0.0975189
 0.768133
 0.791202

x_ = 18.3123
6.48711
3.09376
3.59855
P_ =  0.00418746  -0.0016307  0.00845317 -0.00521504
 -0.0016307  0.00834772 -0.00566483   0.0219478
 0.00845317 -0.00566483   0.0729586  -0.0255661
-0.00521504   0.0219478  -0.0255661    0.137869
RMSE:
0.0880326
0.0973531
 0.763373
 0.787171

x_ = 18.4527
6.67217
2.97101
3.58048
P_ =  0.00456264  -0.0024176  0.00817435  -0.0080163
 -0.0024176   0.0104183 -0.00881274   0.0275558
 0.00817435 -0.00881274   0.0587975  -0.0400553
 -0.0080163   0.0275558  -0.0400553    0.151363
RMSE:
0.0874956
0.0970406
  0.75863
 0.783755

x_ =  18.597
6.82205
2.97232
3.50669
P_ =  0.00424245 -0.00170049  0.00865763 -0.00543285
-0.00170049    0.008305 -0.00594089    0.021757
 0.00865763 -0.00594089   0.0739488  -0.0267775
-0.00543285    0.021757  -0.0267775    0.136936
RMSE:
0.0869856
0.0964406
 0.754283
 0.781527

x_ = 18.7541
 7.0081
 3.0187
3.54533
P_ =  0.00463545 -0.00250897  0.00841157 -0.00830454
-0.00250897    0.010376 -0.00908202   0.0273851
 0.00841157 -0.00908202   0.0598484  -0.0412793
-0.00830454   0.0273851  -0.0412793    0.150518
RMSE:
0.0866043
0.0958371
  0.75076
 0.779532

x_ = 18.9508
7.16595
3.11287
3.48381
P_ =  0.00429196 -0.00176063  0.00881166 -0.00561486
-0.00176063  0.00826917 -0.00611325    0.021625
 0.00881166 -0.00611325   0.0746336  -0.0275806
-0.00561486    0.021625  -0.0275806    0.136337
RMSE:
0.0870091
0.0954415
 0.748832
 0.778815

x_ = 19.0517
7.32431
2.78808
3.36875
P_ =  0.00470058 -0.00258826  0.00860196 -0.00854967
-0.00258826   0.0103438 -0.00927145   0.0272688
 0.00860196 -0.00927145   0.0606697   -0.042211
-0.00854967   0.0272688   -0.042211    0.149914
RMSE:
0.0870628
0.0956118
 0.745257
 0.780248

x_ = 19.1267
7.64476
2.61353
3.77401
P_ =  0.00433474 -0.00181091  0.00893187 -0.00576318
-0.00181091  0.00824113 -0.00623133   0.0215297
 0.00893187 -0.00623133   0.0751752  -0.0281954
-0.00576318   0.0215297  -0.0281954     0.13588
RMSE:
0.0866897
0.0950344
 0.741387
  0.77776

x_ =  19.256
7.82717
2.59334
 3.7498
P_ =  0.00478254 -0.00267903  0.00891719 -0.00883062
-0.00267903   0.0102831 -0.00964429   0.0269884
 0.00891719 -0.00964429   0.0622594  -0.0438417
-0.00883062   0.0269884  -0.0438417    0.148415
RMSE:
0.0864378
0.0945523
 0.738029
 0.775979

x_ = 19.3266
8.07721
2.45747
3.92478
P_ =   0.0043936 -0.00187408  0.00914779 -0.00595741
-0.00187408  0.00819139 -0.00647833   0.0213217
 0.00914779 -0.00647833   0.0762317   -0.029291
-0.00595741   0.0213217   -0.029291    0.134857
RMSE:
0.0859669
0.0939968
 0.734573
 0.773183

x_ = 19.4313
8.26782
 2.4232
3.91533
P_ =  0.00487301 -0.00277303  0.00924576 -0.00912579
-0.00277303    0.010213 -0.00998893   0.0266988
 0.00924576 -0.00998893   0.0638164  -0.0453404
-0.00912579   0.0266988  -0.0453404    0.146978
RMSE:
0.0855084
0.0935346
 0.731621
  0.77087

x_ = 19.5252
8.42481
2.38419
3.82498
P_ =   0.0044573  -0.0019383  0.00936812 -0.00615432
 -0.0019383  0.00813664 -0.00670402   0.0211127
 0.00936812 -0.00670402   0.0772524  -0.0302845
-0.00615432   0.0211127  -0.0302845    0.133886
RMSE:
0.0850453
0.0936626
 0.729225
 0.769818

x_ = 19.6283
8.59919
2.24161
3.73347
P_ =  0.00495727 -0.00285687  0.00950905 -0.00938944
-0.00285687   0.0101512  -0.0102159   0.0264859
 0.00950905  -0.0102159   0.0649648  -0.0464044
-0.00938944   0.0264859  -0.0464044    0.145987
RMSE:
 0.084628
0.0945975
 0.726653
 0.770239

x_ =  19.784
8.80018
2.32141
3.75705
P_ =  0.00451384 -0.00199283  0.00953732 -0.00631833
-0.00199283  0.00809011 -0.00684887   0.0209605
 0.00953732 -0.00684887   0.0780029  -0.0309856
-0.00631833   0.0209605  -0.0309856    0.133201
RMSE:
0.0848231
0.0960399
 0.725767
 0.770833

x_ = 19.8703
8.98881
2.10995
3.69708
P_ =  0.00503432 -0.00293071  0.00973889 -0.00961837
-0.00293071   0.0100976   -0.010399   0.0263091
 0.00973889   -0.010399   0.0659839  -0.0473137
-0.00961837   0.0263091  -0.0473137    0.145121
RMSE:
0.0850838
0.0983837
 0.724019
  0.77262

x_ = 19.9867
9.25945
2.09964
3.90958
P_ =  0.00456479    -0.00204  0.00968398  -0.0064585
   -0.00204  0.00804962 -0.00696484   0.0208316
 0.00968398 -0.00696484    0.078679  -0.0315916
 -0.0064585   0.0208316  -0.0315916    0.132584
RMSE:
0.0860045
0.0997487
 0.723273
  0.77226

x_ = 20.0468
9.44354
1.81269
 3.7961
P_ =  0.00511844 -0.00300596   0.0100322 -0.00984731
-0.00300596   0.0100329  -0.0106596   0.0260533
  0.0100322  -0.0106596   0.0674143  -0.0484967
-0.00984731   0.0260533  -0.0484967    0.143791
RMSE:
0.0867302
 0.102171
 0.721096
 0.773558

x_ =  20.116
9.72942
1.73407
4.04299
P_ =  0.00462311 -0.00209042  0.00988026 -0.00660978
-0.00209042  0.00799971 -0.00713486    0.020646
 0.00988026 -0.00713486   0.0796326  -0.0323878
-0.00660978    0.020646  -0.0323878    0.131666
RMSE:
0.0875313
 0.103383
 0.719264
 0.772474

x_ = 20.1788
9.97366
1.68203
4.16329
P_ =  0.0052145 -0.0030855  0.0103853 -0.0100899
-0.0030855 0.00995161 -0.0109638  0.0257254
 0.0103853 -0.0109638   0.069134 -0.0498157
-0.0100899  0.0257254 -0.0498157   0.142142
RMSE:
0.0884016
 0.104408
 0.718032
 0.770605

x_ = 20.2153
10.2923
1.54494
4.45276
P_ =  0.00469094 -0.00214488   0.0101188 -0.00677427
-0.00214488  0.00793823 -0.00733452   0.0204136
  0.0101188 -0.00733452     0.08077  -0.0332719
-0.00677427   0.0204136  -0.0332719    0.130556
RMSE:
0.0889969
 0.104304
 0.716689
 0.767172

x_ = 20.2423
10.4975
1.23881
4.31152
P_ =  0.00533203 -0.00317465   0.0108376  -0.0103578
-0.00317465   0.0098449  -0.0113368   0.0252874
  0.0108376  -0.0113368   0.0713419  -0.0513616
 -0.0103578   0.0252874  -0.0513616    0.139976
RMSE:
0.0893087
 0.104568
 0.714074
  0.76464

x_ = 20.2892
10.8105
1.16947
4.55694
P_ =   0.0047753 -0.00220707   0.0104266 -0.00696037
-0.00220707  0.00785844 -0.00758025   0.0201079
  0.0104266 -0.00758025   0.0822215  -0.0343049
-0.00696037   0.0201079  -0.0343049    0.129121
RMSE:
0.0897184
 0.104169
 0.711834
 0.761067

x_ = 20.3167
11.0629
 1.0362
4.59459
P_ = 0.00546137 -0.0032656  0.0113039 -0.0106335
-0.0032656 0.00972736 -0.0116703  0.0248437
 0.0113039 -0.0116703  0.0735129 -0.0527606
-0.0106335  0.0248437 -0.0527606   0.137882
RMSE:
0.0900438
  0.10372
 0.709575
 0.757479

x_ =  20.3517
 11.3171
0.992013
 4.66018
P_ =  0.00486612 -0.00226904   0.0107378 -0.00714391
-0.00226904  0.00777282 -0.00779804   0.0198035
  0.0107378 -0.00779804   0.0836367  -0.0352323
-0.00714391   0.0198035  -0.0352323    0.127739
RMSE:
0.0904719
 0.103232
 0.707909
 0.753811

x_ =  20.3157
  11.524
0.482818
 4.42146
P_ = 0.00559509 -0.0033529  0.0117593  -0.010897
-0.0033529 0.00960715 -0.0119543  0.0244182
 0.0117593 -0.0119543  0.0755863  -0.053992
 -0.010897  0.0244182  -0.053992   0.135901
RMSE:
0.0902832
 0.102902
 0.704492
 0.751121

x_ =  20.3799
  11.784
0.547429
 4.50323
P_ =  0.00495826 -0.00232721   0.0110373 -0.00731377
-0.00232721  0.00768668 -0.00798232   0.0195139
  0.0110373 -0.00798232   0.0849892  -0.0360491
-0.00731377   0.0195139  -0.0360491    0.126423
RMSE:
0.0906134
 0.102483
  0.70175
 0.748102

x_ =   20.402
 12.0137
0.624311
   4.571
P_ =  0.00572643 -0.00343222   0.0121858  -0.0111355
-0.00343222  0.00948926  -0.0121867    0.024022
  0.0121858  -0.0121867   0.0775116  -0.0550471
 -0.0111355    0.024022  -0.0550471    0.134064
RMSE:
0.0911298
 0.102127
 0.700277
 0.744872

x_ =  20.3823
 12.3395
0.478591
 4.82405
P_ =  0.00504746 -0.00237918    0.011315 -0.00746396
-0.00237918  0.00760341 -0.00813288   0.0192461
   0.011315 -0.00813288   0.0862517  -0.0367538
-0.00746396   0.0192461  -0.0367538    0.125194
RMSE:
0.0913577
  0.10167
 0.698696
 0.741248

x_ =   20.3498
  12.5387
0.0702285
  4.54224
P_ =  0.0058666 -0.0035086  0.0126708 -0.0113514
-0.0035086 0.00935919 -0.0124501  0.0235544
 0.0126708 -0.0124501  0.0798095 -0.0561752
-0.0113514  0.0235544 -0.0561752   0.131809
RMSE:
0.0912945
 0.101188
   0.6957
 0.738195

x_ =   20.3727
  12.7924
0.0983807
  4.59976
P_ =  0.00514464 -0.00243024   0.0116374 -0.00760571
-0.00243024   0.0075105 -0.00830513   0.0189278
  0.0116374 -0.00830513   0.0877687  -0.0375167
-0.00760571   0.0189278  -0.0375167     0.12369
RMSE:
0.0915947
 0.100705
 0.693413
 0.734974

x_ =    20.3738
   12.9917
-0.0236087
   4.44145
P_ =  0.00600189 -0.00357675   0.0131054  -0.0115542
-0.00357675  0.00923561  -0.0126429   0.0231463
  0.0131054  -0.0126429    0.081783  -0.0570726
 -0.0115542   0.0231463  -0.0570726    0.129914
RMSE:
0.092135
0.100313
0.691193
0.732348

x_ =   20.3361
  13.2185
-0.101235
  4.46544
P_ =  0.00523621 -0.00247457   0.0119203 -0.00773288
-0.00247457  0.00742406 -0.00843038   0.0186537
  0.0119203 -0.00843038   0.0890692  -0.0381223
-0.00773288   0.0186537  -0.0381223    0.122421
RMSE:
0.0924818
0.0999858
 0.689294
 0.729589

x_ =   20.3049
  13.4311
-0.222161
  4.40031
P_ =  0.00612986 -0.00363592   0.0135052   -0.011732
-0.00363592  0.00911877  -0.0127973   0.0227717
  0.0135052  -0.0127973   0.0836066  -0.0578341
  -0.011732   0.0227717  -0.0578341    0.128164
RMSE:
 0.092812
0.0998321
 0.687466
 0.727077

x_ =   20.2744
  13.7255
-0.295944
  4.58466
P_ =  0.00532214 -0.00251265   0.0121796  -0.0078432
-0.00251265  0.00734299 -0.00853102   0.0184028
  0.0121796 -0.00853102     0.09028   -0.038641
 -0.0078432   0.0184028   -0.038641     0.12124
RMSE:
0.0932146
0.0994028
 0.686011
 0.723906

x_ =   20.2336
  13.9202
-0.522724
  4.37683
P_ =  0.00626314 -0.00369068   0.0139576  -0.0118826
-0.00369068  0.00899316  -0.0129784   0.0223323
  0.0139576  -0.0129784   0.0857775  -0.0586336
 -0.0118826   0.0223323  -0.0586336    0.126026
RMSE:
0.0936385
0.0991594
 0.683979
 0.721366

x_ =  20.1644
 14.2126
-0.64647
 4.56644
P_ =  0.00541401 -0.00254885   0.0124808 -0.00794225
-0.00254885  0.00725433 -0.00864975   0.0181046
  0.0124808 -0.00864975   0.0917278  -0.0391922
-0.00794225   0.0181046  -0.0391922    0.119804
RMSE:
 0.093823
0.0987169
 0.681993
 0.718214

x_ =   20.0995
  14.4195
-0.825028
  4.43828
P_ =  0.00640319 -0.00374154   0.0144416  -0.0120194
-0.00374154   0.0088587  -0.0131538   0.0218567
  0.0144416  -0.0131538    0.088088  -0.0593828
 -0.0120194   0.0218567  -0.0593828    0.123742
RMSE:
0.0939125
0.0983401
 0.679776
 0.715316

x_ =  19.9753
 14.7151
-1.03407
 4.64124
P_ =  0.00551113 -0.00258268   0.0128039 -0.00803366
-0.00258268  0.00715954 -0.00876474   0.0177833
  0.0128039 -0.00876474   0.0932628    -0.03971
-0.00803366   0.0177833    -0.03971    0.118281
RMSE:
0.0935768
0.0979333
 0.677247
 0.712145

x_ =  19.9121
 14.9131
-1.11073
 4.51119
P_ =  0.00655599 -0.00378893   0.0149863  -0.0121359
-0.00378893    0.008708  -0.0133338    0.021311
  0.0149863  -0.0133338   0.0907011  -0.0600992
 -0.0121359    0.021311  -0.0600992    0.121131
RMSE:
0.0932676
 0.097505
 0.674941
 0.709053

x_ =  19.8898
 15.1404
-1.04088
 4.50354
P_ =   0.0056183 -0.00261465   0.0131702 -0.00811447
-0.00261465  0.00705314 -0.00888313   0.0174153
  0.0131702 -0.00888313   0.0949945  -0.0402097
-0.00811447   0.0174153  -0.0402097    0.116553
RMSE:
0.0933193
0.0970832
 0.673713
 0.705975

x_ =  19.7869
 15.3071
-1.56158
 4.03273
P_ =  0.00670075 -0.00383071   0.0154428  -0.0122663
-0.00383071  0.00857211  -0.0134326   0.0208795
  0.0154428  -0.0134326   0.0927414  -0.0606145
 -0.0122663   0.0208795  -0.0606145    0.119176
RMSE:
0.0931909
0.0968689
 0.670891
 0.704276

x_ =  19.7554
 15.4988
-1.45735
 3.99284
P_ =  0.00571569 -0.00264119    0.013466 -0.00819466
-0.00264119  0.00695983 -0.00894766   0.0171294
   0.013466 -0.00894766   0.0963401  -0.0405627
-0.00819466   0.0171294  -0.0405627    0.115244
RMSE:
0.0935971
 0.096897
 0.668772
 0.702553

x_ =  19.6769
 15.6753
-1.51809
 3.89139
P_ =  0.00683131 -0.00386419   0.0158316  -0.0123793
-0.00386419  0.00845056  -0.0134897    0.020515
  0.0158316  -0.0134897   0.0944811  -0.0610013
 -0.0123793    0.020515  -0.0610013    0.117506
RMSE:
0.0941785
0.0974045
 0.666968
 0.701147

x_ = 19.5519
15.9276
-1.6509
4.04278
P_ =  0.00580211 -0.00266192   0.0137156 -0.00826186
-0.00266192  0.00687746 -0.00898571   0.0168889
  0.0137156 -0.00898571   0.0975025  -0.0408318
-0.00826186   0.0168889  -0.0408318     0.11411
RMSE:
0.0944378
0.0975312
 0.665122
 0.698751

x_ =  19.4541
 16.1189
-1.70255
  4.0032
P_ =  0.00696515 -0.00389157   0.0162803  -0.0124444
-0.00389157  0.00832063  -0.0135747   0.0200711
  0.0162803  -0.0135747   0.0966515  -0.0613734
 -0.0124444   0.0200711  -0.0613734    0.115343
RMSE:
0.0947713
0.0979144
 0.663656
 0.696321

x_ =  19.3403
 16.3204
-1.76513
  4.0167
P_ =  0.00589415 -0.00267956   0.0140152 -0.00830513
-0.00267956  0.00678698 -0.00904161   0.0165897
  0.0140152 -0.00904161   0.0989618  -0.0411012
-0.00830513   0.0165897  -0.0411012    0.112651
RMSE:
 0.095066
0.0984259
 0.662537
 0.693702

x_ =  19.2342
 16.4925
-1.94929
 3.81589
P_ =  0.00710071 -0.00391412   0.0167358  -0.0124977
-0.00391412  0.00818812  -0.0136417   0.0196202
  0.0167358  -0.0136417   0.0988227  -0.0616711
 -0.0124977   0.0196202  -0.0616711    0.113186
RMSE:
0.0954739
0.0994442
 0.661026
 0.691567

x_ = 19.0825
16.7456
-2.0972
3.97799
P_ =  0.00598742   -0.002694   0.0143188 -0.00834086
  -0.002694  0.00669497 -0.00908577    0.016287
  0.0143188 -0.00908577    0.100416    -0.04132
-0.00834086    0.016287    -0.04132    0.111204
RMSE:
0.0955714
0.0998238
 0.659355
 0.688831

x_ =  18.9411
 16.9146
-2.49392
 3.61829
P_ =  0.00724518 -0.00393157   0.0172415  -0.0125217
-0.00393157  0.00804401  -0.0137077   0.0191112
  0.0172415  -0.0137077    0.101258  -0.0618996
 -0.0125217   0.0191112  -0.0618996    0.110745
RMSE:
0.0955542
  0.10062
 0.656782
 0.687018

x_ = 18.7273
17.2041
 -2.742
3.89703
P_ =  0.00608824 -0.00270528   0.0146591 -0.00835972
-0.00270528  0.00659419 -0.00912881   0.0159446
  0.0146591 -0.00912881    0.102042  -0.0414963
-0.00835972   0.0159446  -0.0414963    0.109577
RMSE:
0.0951785
 0.100488
 0.654152
 0.684282

x_ =  18.607
17.4091
-2.5967
4.02298
P_ =  0.00740901 -0.00394218   0.0178455   -0.012497
-0.00394218  0.00787525   -0.013775   0.0184882
  0.0178455   -0.013775    0.104196  -0.0620205
  -0.012497   0.0184882  -0.0620205    0.107757
RMSE:
0.0948424
 0.100301
 0.651891
 0.681689

x_ =  18.3807
 17.6389
-2.82449
 4.12262
P_ =  0.00620483 -0.00271231   0.0150704 -0.00835056
-0.00271231  0.00647522 -0.00917227   0.0155251
  0.0150704 -0.00917227    0.103998  -0.0416104
-0.00835056   0.0155251  -0.0416104    0.107605
RMSE:
0.0945733
0.0999535
 0.649398
 0.679619

x_ =  18.2306
 17.8257
-2.88367
 4.03279
P_ = 0.00758481 -0.0039471  0.0184668 -0.0124656
-0.0039471 0.00769674 -0.0138027  0.0178592
 0.0184668 -0.0138027   0.107117 -0.0620221
-0.0124656  0.0178592 -0.0620221   0.104829
RMSE:
0.0943101
0.0996131
 0.647008
 0.677547

x_ =  18.1187
 18.0178
-2.80667
 3.99981
P_ =  0.00632804 -0.00271493   0.0154872 -0.00833337
-0.00271493  0.00635083 -0.00919018   0.0151057
  0.0154872 -0.00919018    0.105927  -0.0416419
-0.00833337   0.0151057  -0.0416419    0.105676
RMSE:
0.0939465
0.0992558
 0.645176
 0.675704

x_ =  17.9495
 18.1546
-3.09414
 3.60283
P_ =  0.00775252 -0.00394859   0.0189972  -0.0124672
-0.00394859  0.00753396  -0.0137751   0.0173477
  0.0189972  -0.0137751    0.109478  -0.0619668
 -0.0124672   0.0173477  -0.0619668    0.102532
RMSE:
0.0935973
0.0990638
  0.64282
 0.673122

x_ = 17.8395
18.2895
-2.9714
3.48679
P_ =   0.0064411 -0.00271446   0.0158315 -0.00833037
-0.00271446  0.00624018 -0.00917365   0.0147699
  0.0158315 -0.00917365    0.107484   -0.041622
-0.00833037   0.0147699   -0.041622    0.104147
RMSE:
0.0932949
0.0991512
 0.641165
 0.670554

x_ =  17.713
18.4525
-3.0034
3.35798
P_ = 0.00789958 -0.0039458  0.0194223 -0.0124813
-0.0039458 0.00739376 -0.0137153  0.0169451
 0.0194223 -0.0137153   0.111346 -0.0618726
-0.0124813  0.0169451 -0.0618726   0.100726
RMSE:
0.0931988
0.0993001
 0.639822
  0.66801

x_ =  17.5009
 18.6647
-3.16491
 3.47785
P_ =  0.00653768 -0.00271114   0.0161022 -0.00833296
-0.00271114  0.00614677 -0.00913802   0.0145084
  0.0161022 -0.00913802    0.108733  -0.0415705
-0.00833296   0.0145084  -0.0415705    0.102921
RMSE:
0.0929174
0.0991154
 0.638172
 0.665749

x_ =  17.3278
 18.7884
-3.34199
 3.18342
P_ =  0.00804594 -0.00393454    0.019902  -0.0124186
-0.00393454  0.00724861  -0.0136675   0.0164647
   0.019902  -0.0136675    0.113664  -0.0616203
 -0.0124186   0.0164647  -0.0616203   0.0983915
RMSE:
 0.092658
0.0991824
 0.636216
 0.663262

x_ =  17.1726
 18.9293
-3.30586
 3.13907
P_ =  0.00663785 -0.00270234   0.0164222 -0.00829106
-0.00270234  0.00604695 -0.00910683   0.0141869
  0.0164222 -0.00910683    0.110301  -0.0414247
-0.00829106   0.0141869  -0.0414247    0.101342
RMSE:
0.0925357
 0.099378
 0.634757
 0.660828

x_ =  17.0033
 19.0909
-3.40074
 3.05453
P_ =  0.00818366 -0.00391918   0.0203364  -0.0123655
-0.00391918  0.00711242  -0.0135939   0.0160339
  0.0203364  -0.0135939    0.115706  -0.0613422
 -0.0123655   0.0160339  -0.0613422   0.0963604
RMSE:
0.0925319
0.0994774
 0.633265
 0.658436

x_ =  16.7784
  19.224
-3.51651
 3.03143
P_ =  0.00673101 -0.00269099   0.0167088 -0.00825467
-0.00269099  0.00595443 -0.00906039   0.0139016
  0.0167088 -0.00906039    0.111681  -0.0412585
-0.00825467   0.0139016  -0.0412585   0.0999677
RMSE:
0.0923279
0.0996855
 0.631643
 0.656184

x_ =  16.5839
 19.3716
-3.69683
 2.86265
P_ =  0.00832361 -0.00389613   0.0208098  -0.0122612
-0.00389613  0.00697013  -0.0135125   0.0155519
  0.0208098  -0.0135125    0.118006  -0.0609187
 -0.0122612   0.0155519  -0.0609187   0.0940343
RMSE:
0.0921287
0.0998284
 0.629692
 0.653861

x_ =  16.3367
  19.561
-3.86279
 2.98451
P_ =  0.00682801 -0.00267448    0.017028 -0.00818758
-0.00267448  0.00585626 -0.00900686   0.0135786
   0.017028 -0.00900686    0.113238  -0.0410015
-0.00818758   0.0135786  -0.0410015   0.0984018
RMSE:
 0.091801
0.0996151
 0.627556
 0.652113

x_ =  16.1181
 19.6309
-4.04662
 2.61524
P_ =  0.00847564 -0.00386264   0.0213551  -0.0120926
-0.00386264  0.00681189  -0.0134108   0.0149866
  0.0213551  -0.0134108    0.120682  -0.0602906
 -0.0120926   0.0149866  -0.0602906   0.0913065
RMSE:
