Script started on 2021-01-19 19:07:27-04:00 [TERM="xterm-256color" TTY="/dev/pts/4" COLUMNS="94" LINES="13"]
Listening to port 4567
Connected!!!
RMSE:
    0.6
    0.6
5.19994
      0

EKF: 
Initializing RADAR
RMSE:
  0.424269
   0.42681
   5.19984
0.00127057

RMSE:
   0.37687
  0.350567
    5.1997
0.00328026

Measurements:
1.04751
0.38924
4.51132

State:
 1.01489
0.554329
       0

x_ =  1.00449
0.424983
 3.55005
 2.17739
P_ =    0.059953   0.0365422 0.000501883 0.000251395
  0.0365422   0.0235486 0.000251395 0.000251436
0.000501883 0.000251395    0.359072   -0.445815
0.000251395 0.000251436   -0.445815    0.803206
RMSE:
0.376519
0.316047
 4.57793
 1.08331

RMSE:
0.440639
0.293478
 4.16045
 1.36802

Measurements:
 1.6983
0.29828
5.20999

State:
 1.50377
0.441623
 4.14009

x_ =  1.50139
0.501812
 5.04924
0.902391
P_ =    0.033718   0.0157482   0.0205588  -0.0348962
  0.0157482  0.00948971  0.00144441 -0.00133783
  0.0205588  0.00144441    0.110396  -0.0973128
 -0.0348962 -0.00133783  -0.0973128    0.244637
RMSE:
0.433889
0.271041
 3.79844
 1.29896

RMSE:
0.472521
0.253895
 3.51711
 1.24622

Measurements:
 2.04438
0.276002
 5.04387

State:
2.09185
0.28695
5.09819

x_ =  1.98929
0.571669
 5.03339
0.833485
P_ =    0.0256629   0.00748819     0.015538   -0.0328555
  0.00748819   0.00499503 -2.85685e-05    0.0044791
    0.015538 -2.85685e-05     0.069373   -0.0418698
  -0.0328555    0.0044791   -0.0418698     0.188791
RMSE:
0.467446
0.237812
 3.29046
 1.19817

RMSE:
0.497123
0.224559
 3.10274
 1.15836

Measurements:
 2.99092
0.217668
 5.19181

State:
 2.57726
0.256972
 5.07995

x_ =  2.62036
0.626879
 5.21416
0.488993
P_ =   0.0208416  0.00398492     0.01068  -0.0227705
 0.00398492  0.00420845 -0.00134454   0.0106154
    0.01068 -0.00134454   0.0623093  -0.0284158
 -0.0227705   0.0106154  -0.0284158    0.171516
RMSE:
 0.48226
0.213082
 2.94352
 1.10648

RMSE:
 0.49177
0.203187
 2.80655
 1.06153

Measurements:
 3.59388
0.135452
 5.16175

State:
 3.21363
0.211866
  5.2004

x_ =    3.25916
  0.578739
   5.32052
-0.0799698
P_ =   0.0176393  0.00206093  0.00813564  -0.0163743
 0.00206093  0.00468028 -0.00203905   0.0162754
 0.00813564 -0.00203905   0.0600144  -0.0242962
 -0.0163743   0.0162754  -0.0242962    0.179754
RMSE:
0.474328
 0.19495
 2.68733
 1.01795

RMSE:
0.473135
0.187822
 2.58217
0.979908

Measurements:
4.25555
0.16484
5.43333

State:
 3.83393
0.149422
 5.24933

x_ =    3.86717
  0.603844
   5.44957
-0.0077013
P_ =   0.0154492 0.000857551  0.00662961  -0.0124753
0.000857551  0.00577434 -0.00189633   0.0216374
 0.00662961 -0.00189633   0.0577732  -0.0186553
 -0.0124753   0.0216374  -0.0186553    0.195771
RMSE:
0.456869
0.181203
 2.48924
0.945361

RMSE:
0.451552
0.175388
 2.40582
0.914697

Measurements:
4.67026
0.14818
5.12085

State:
 4.45315
0.135844
 5.39832

x_ =   4.42495
 0.627139
  5.28501
0.0451433
P_ =   0.0138112 0.000214189  0.00596365 -0.00940249
0.000214189  0.00730972 -0.00208871   0.0266845
 0.00596365 -0.00208871   0.0573959  -0.0180482
-0.00940249   0.0266845  -0.0180482     0.21109
RMSE:
0.437568
0.169967
 2.32958
 0.88666

RMSE:
0.431957
0.165174
 2.26018
0.861518

Measurements:
 5.25142
0.127163
 4.82591

State:
 4.99356
0.126833
 5.24827

x_ =   4.96594
 0.633204
  5.04227
0.0102633
P_ =   0.0125892 -0.00012518  0.00567384 -0.00724737
-0.00012518  0.00899424 -0.00240298   0.0310561
 0.00567384 -0.00240298    0.057364  -0.0186726
-0.00724737   0.0310561  -0.0186726    0.224704
RMSE:
0.419934
0.160895
 2.19671
0.839526

RMSE:
0.414711
0.157229
 2.13832
0.819917

Measurements:
 5.26729
0.121683
 5.42351

State:
 5.50682
0.115428
 5.00989

x_ =   5.46026
 0.646882
  5.27719
0.0833091
P_ =   0.0116734  -0.0003265  0.00553376 -0.00586619
 -0.0003265   0.0107287 -0.00259775   0.0350077
 0.00553376 -0.00259775   0.0572159  -0.0187165
-0.00586619   0.0350077  -0.0187165    0.237763
RMSE:
0.404512
0.153902
 2.08433
 0.80118

RMSE:
0.401201
0.151235
 2.03426
0.784423

Measurements:
5.90575
 0.0633
4.87968

State:
 6.02372
0.108988
 5.25494

x_ =   5.96671
 0.547141
  5.06997
-0.266376
P_ =    0.0109785 -0.000471088    0.0054926  -0.00505912
-0.000471088     0.012526  -0.00285425    0.0388362
   0.0054926  -0.00285425    0.0571705   -0.0192083
 -0.00505912    0.0388362   -0.0192083     0.250663
RMSE:
0.392342
0.153817
 1.98757
0.779829

RMSE:
0.390103
0.157394
 1.94395
0.777107

Measurements:
 6.67392
0.125614
 5.00687

State:
   6.4946
0.0802301
  5.03231

x_ =   6.48208
 0.632916
  5.04439
0.0628527
P_ =     0.010439 -0.000558221   0.00537798  -0.00434738
-0.000558221     0.014318   -0.0021887    0.0424902
  0.00537798   -0.0021887    0.0563725   -0.0150335
 -0.00434738    0.0424902   -0.0150335     0.263303
RMSE:
0.382229
0.157487
 1.90312
0.765686

RMSE:
0.380488
0.158683
 1.86476
0.756011

Measurements:
  7.31844
0.0862923
  4.64911

State:
   7.0157
0.0912366
  5.02914

x_ =    6.99947
  0.627105
   4.83196
0.00617682
P_ =   0.0100217 -0.00065238  0.00543162 -0.00409362
-0.00065238   0.0162414 -0.00279467   0.0462855
 0.00543162 -0.00279467   0.0566779  -0.0176222
-0.00409362   0.0462855  -0.0176222     0.27544
RMSE:
0.373391
0.161393
 1.82946
0.749626

RMSE:
0.371921
0.165426
 1.79611
0.744981

Measurements:
 8.12494
0.101047
 5.46424

State:
  7.50895
0.0836942
  4.81557

x_ =  7.58169
0.681566
 5.25587
0.162829
P_ =   0.00969672 -0.000758677   0.00545338  -0.00401528
-0.000758677    0.0182295  -0.00298461    0.0500841
  0.00545338  -0.00298461    0.0566147   -0.0177603
 -0.00401528    0.0500841   -0.0177603     0.287311
RMSE:
0.365221
 0.16796
 1.76396
0.737675

RMSE:
0.362109
0.171973
 1.73352
0.731995

Measurements:
 8.45095
0.104862
 4.75054

State:
  8.13726
0.0858652
  5.25047

x_ =  8.10649
0.751604
 4.95785
0.281551
P_ =   0.00944648 -0.000914407   0.00551336  -0.00419752
-0.000914407    0.0205234  -0.00351713    0.0544828
  0.00551336  -0.00351713    0.0567847    -0.019425
 -0.00419752    0.0544828    -0.019425     0.300158
RMSE:
0.356027
0.174094
 1.70456
0.725016

RMSE:
0.352981
0.177828
 1.67698
0.719581

Measurements:
 8.57549
0.165312
  5.5806

State:
  8.63755
0.0903986
  4.96302

x_ =  8.61296
  1.0033
 5.28585
0.882504
P_ =  0.00925616 -0.00111414   0.0056014 -0.00456884
-0.00111414    0.022828 -0.00425785   0.0585516
  0.0056014 -0.00425785    0.057103  -0.0218766
-0.00456884   0.0585516  -0.0218766    0.311324
RMSE:
0.347425
0.175315
 1.65102
0.708255

RMSE:
0.344765
0.173539
 1.62633
0.697471

Measurements:
 9.94666
0.115056
  5.2408

State:
 9.20648
0.118843
  5.3532

x_ =  9.2095
1.09038
 5.2629
0.85686
P_ =  0.00914026 -0.00149623  0.00590256 -0.00563785
-0.00149623    0.025216 -0.00652135   0.0624235
 0.00590256 -0.00652135   0.0587268  -0.0304667
-0.00563785   0.0624235  -0.0304667    0.320776
RMSE:
0.340084
0.171295
 1.60269
0.687432

RMSE:
0.336177
0.169885
 1.58015
0.678178

Measurements:
 10.216
0.14981
5.31165

State:
 9.80657
0.120216
 5.32768

x_ = 9.76462
1.27561
 5.2485
1.08639
P_ =  0.00907264 -0.00195444  0.00611573 -0.00675178
-0.00195444   0.0278125 -0.00769625   0.0667607
 0.00611573 -0.00769625   0.0593911  -0.0339522
-0.00675178   0.0667607  -0.0339522    0.331943
RMSE:
0.332442
0.167544
 1.55857
0.668693

RMSE:
0.328314
0.165367
 1.53796
0.659672

Measurements:
 10.6781
0.162309
 4.80661

State:
 10.3822
0.133728
 5.34649

x_ = 10.2756
1.47488
4.90777
  1.254
P_ =  0.00905555 -0.00251002  0.00642092 -0.00803788
-0.00251002   0.0304899 -0.00931872   0.0709658
 0.00642092 -0.00931872   0.0606028  -0.0392478
-0.00803788   0.0709658  -0.0392478     0.34196
RMSE:
0.325056
 0.16406
 1.51762
0.650976

RMSE:
0.321144
0.162088
 1.49806
0.642581

Measurements:
 11.0406
0.154906
 4.56401

State:
 10.8847
0.147556
  5.0388

x_ = 10.7508
1.62001
4.62138
1.25794
P_ =  0.00908838  -0.0031543  0.00680626 -0.00946826
 -0.0031543   0.0330922  -0.0111373   0.0747441
 0.00680626  -0.0111373   0.0621334   -0.045116
-0.00946826   0.0747441   -0.045116    0.350523
RMSE:
0.317919
0.161222
 1.48002
0.634609

RMSE:
0.314423
0.159471
 1.46254
0.627199

Measurements:
 11.5668
0.123838
 5.14205

State:
  11.348
0.154455
 4.75988

x_ = 11.2709
1.64853
4.90464
1.06796
P_ =  0.00915268 -0.00382206  0.00714624  -0.0108227
-0.00382206    0.035602  -0.0124971   0.0782748
 0.00714624  -0.0124971   0.0632267  -0.0492166
 -0.0108227   0.0782748  -0.0492166    0.358752
RMSE:
0.311803
0.157571
 1.44503
0.622665

RMSE:
0.308344
0.156027
 1.42814
0.619373

Measurements:
 11.5791
0.133321
 4.86948

State:
 11.8916
0.148152
 5.00855

x_ = 11.7318
1.69648
4.82073
0.93858
P_ =  0.00920712 -0.00440814  0.00724086   -0.011772
-0.00440814   0.0382629  -0.0126904     0.08227
 0.00724086  -0.0126904   0.0629642  -0.0492138
  -0.011772     0.08227  -0.0492138    0.368719
RMSE:
0.305633
0.154886
 1.41182
0.620252

RMSE:
0.302538
 0.15536
 1.39605
0.622774

Measurements:
 12.3248
0.175289
 5.27755

State:
 12.3444
0.145546
 4.90589

x_ = 12.2173
1.90282
5.00867
1.20369
P_ =  0.00924449 -0.00489333  0.00726554  -0.0123842
-0.00489333   0.0408764  -0.0127653   0.0860512
 0.00726554  -0.0127653   0.0626985  -0.0490911
 -0.0123842   0.0860512  -0.0490911    0.377875
RMSE:
0.300076
0.153865
 1.38122
0.620886

RMSE:
0.297129
0.153622
 1.36699
0.620428

Measurements:
 12.6709
0.140728
 5.31674

State:
 12.8781
0.157757
 5.13558

x_ = 12.7194
1.95824
5.12818
1.08933
P_ =  0.00931773 -0.00546956  0.00755001  -0.0132888
-0.00546956    0.043584  -0.0142146   0.0897481
 0.00755001  -0.0142146    0.063917  -0.0535778
 -0.0132888   0.0897481  -0.0535778    0.385756
RMSE:
0.295163
0.154182
   1.354
0.624274

RMSE:
 0.29224
0.157541
 1.34165
0.629843

Measurements:
 13.4856
0.198883
 5.44642

State:
13.3927
0.15497
5.23486

x_ = 13.2262
2.24089
5.20434
1.45595
P_ =  0.00938627 -0.00601291  0.00766404  -0.0140608
-0.00601291   0.0463969  -0.0147546   0.0937126
 0.00766404  -0.0147546   0.0640564  -0.0547464
 -0.0140608   0.0937126  -0.0547464    0.394723
RMSE:
0.290953
0.156482
 1.33054
0.628541

RMSE:
0.288092
0.157284
  1.3201
0.628645

Measurements:
 13.0871
0.241065
 4.51275

State:
 13.9523
0.171892
 5.37668

x_ = 13.5733
2.62488
4.53798
 1.8666
P_ =   0.0095183 -0.00673573  0.00813922  -0.0153124
-0.00673573   0.0492901  -0.0169549   0.0974305
 0.00813922  -0.0169549   0.0660601  -0.0612337
 -0.0153124   0.0974305  -0.0612337    0.401737
RMSE:
0.285681
0.156204
 1.30735
0.623928

RMSE:
 0.28347
0.154763
 1.29496
0.620105

Measurements:
14.0988
0.19551
4.80612

State:
 14.3061
0.197814
 4.81632

x_ = 14.0097
2.79584
4.52472
1.84034
P_ =  0.00975809 -0.00769564  0.00905353   -0.017175
-0.00769564   0.0516967  -0.0205138   0.0997351
 0.00905353  -0.0205138   0.0699911  -0.0716938
  -0.017175   0.0997351  -0.0716938    0.404582
RMSE:
0.281094
0.153384
 1.28293
0.617671

RMSE:
0.279113
0.152424
 1.27127
0.616437

Measurements:
 14.8371
0.194676
 5.23337

State:
  14.766
0.203202
 4.80302

x_ = 14.4994
2.95622
4.79984
1.84096
P_ =   0.0100364 -0.00872347  0.00971797  -0.0190752
-0.00872347   0.0542042  -0.0224764    0.102705
 0.00971797  -0.0224764   0.0719426  -0.0769143
 -0.0190752    0.102705  -0.0769143    0.410526
RMSE:
0.277196
0.151186
 1.26106
0.616501

RMSE:
0.274976
0.151572
 1.25143
0.617969

Measurements:
 15.2004
0.263587
 5.15707

State:
  15.305
0.206649
 5.07545

x_ = 14.9264
3.37798
4.73773
2.29874
P_ =   0.0103232 -0.00975996   0.0102156  -0.0208207
-0.00975996   0.0569502  -0.0237693    0.106272
  0.0102156  -0.0237693   0.0730158  -0.0801799
 -0.0208207    0.106272  -0.0801799    0.417962
RMSE:
0.273109
  0.1511
 1.24198
0.613994

RMSE:
0.271015
0.149822
 1.23313
0.610864

Measurements:
 15.9183
0.263598
 4.66589

State:
 15.8171
0.230124
 5.13717

x_ = 15.3529
3.73803
4.39974
2.47272
P_ =  0.0107232 -0.0110189  0.0113075 -0.0229781
-0.0110189  0.0596003 -0.0270725   0.109036
 0.0113075 -0.0270725  0.0771136  -0.089324
-0.0229781   0.109036  -0.089324   0.421555
RMSE:
0.269272
0.151077
 1.22313
0.606906

RMSE:
0.267241
 0.15012
 1.21357
0.603724

Measurements:
  16.089
0.213597
 4.78562

State:
  16.288
0.247187
 4.87102

x_ =  15.805
3.83037
4.41406
2.18731
P_ =  0.0112242 -0.0124409  0.0125502 -0.0254022
-0.0124409  0.0621678 -0.0303276   0.111601
 0.0125502 -0.0303276  0.0813486 -0.0979776
-0.0254022   0.111601 -0.0979776   0.424839
RMSE:
0.265949
0.148928
 1.20456
0.605889

RMSE:
0.263861
0.148602
 1.19606
0.609471

Measurements:
 16.8729
0.252565
 4.40994

State:
 16.7434
0.244254
   4.812

x_ = 16.2263
4.08162
4.16538
2.18806
P_ =  0.0116774 -0.0137375  0.0131116 -0.0274133
-0.0137375  0.0648975 -0.0312679   0.115073
 0.0131116 -0.0312679  0.0819406  -0.100094
-0.0274133   0.115073  -0.100094   0.432114
RMSE:
0.262868
0.147475
 1.18701
  0.6145

RMSE:
0.260839
0.148067
 1.17839
0.621016

Measurements:
 17.3477
0.261345
 4.72541

State:
 17.1895
0.252864
 4.58032

x_ = 16.6553
4.34595
4.24021
 2.2833
P_ =  0.0121329 -0.0150048   0.013808  -0.029227
-0.0150048  0.0675852 -0.0328348   0.118188
  0.013808 -0.0328348  0.0837037  -0.104125
 -0.029227   0.118188  -0.104125   0.437618
RMSE:
0.260414
0.147243
 1.17062
0.626785

RMSE:
0.258515
0.149027
 1.16346
0.633998

Measurements:
 17.6757
0.292764
 3.91006

State:
 17.6813
0.261684
 4.68656

x_ = 16.9995
4.69489
3.71373
2.37985
P_ =  0.0126145  -0.016305  0.0146101 -0.0310385
 -0.016305  0.0703284  -0.034738   0.121249
 0.0146101  -0.034738  0.0859807  -0.108926
-0.0310385   0.121249  -0.108926    0.44259
RMSE:
0.257764
0.148084
 1.15489
0.640379

RMSE:
  0.2559
0.149501
 1.14658
0.648146

Measurements:
 17.9537
0.261769
 4.23232

State:
18.0577
0.27669
4.22259

x_ = 17.3812
4.86117
3.75068
2.26231
P_ =  0.0131691  -0.017674  0.0157583 -0.0329525
 -0.017674  0.0727689 -0.0374531   0.123439
 0.0157583 -0.0374531  0.0897827    -0.1158
-0.0329525   0.123439    -0.1158   0.444973
RMSE:
0.255465
0.151017
  1.1387
0.660287

RMSE:
0.253727
0.157639
 1.13126
0.673746

Measurements:
 18.2733
0.262734
 4.05972

State:
 18.4707
0.279038
 4.22871

x_ = 17.7512
5.00174
3.68208
2.09823
P_ =  0.0136997 -0.0189824  0.0164821 -0.0347451
-0.0189824  0.0752656 -0.0388515   0.126174
 0.0164821 -0.0388515  0.0913467  -0.119165
-0.0347451   0.126174  -0.119165   0.449906
RMSE:
0.253666
0.165262
 1.12402
0.693269

RMSE:
0.252111
0.180089
  1.1173
0.713807

Measurements:
 18.9222
0.326645
 3.86213

State:
  18.854
0.280063
 4.11861

x_ = 18.0473
5.42834
3.41873
2.41928
P_ =  0.0141654 -0.0201602  0.0169221 -0.0362345
-0.0201602  0.0777572 -0.0396229   0.129056
 0.0169221 -0.0396229  0.0919388  -0.121032
-0.0362345   0.129056  -0.121032   0.455509
RMSE:
0.251677
0.184635
 1.11004
0.726262

RMSE:
 0.25009
0.195419
 1.10321
0.739829

Measurements:
19.3547
0.35846
4.07937

State:
 19.2435
0.299098
 3.97981

x_ = 18.3185
5.96134
3.32328
2.91153
P_ =  0.0147633 -0.0215047  0.0182432 -0.0379732
-0.0215047  0.0799711 -0.0426724   0.130707
 0.0182432 -0.0426724  0.0965893  -0.128566
-0.0379732   0.130707  -0.128566   0.456303
RMSE:
0.249279
0.196154
  1.0965
0.743722

RMSE:
0.247678
 0.20128
  1.0903
0.748613

Measurements:
 19.6966
0.364545
 3.87628

State:
  19.671
0.323465
 4.07637

x_ = 18.5812
6.44104
3.09454
3.17755
P_ =  0.0156006 -0.0231549  0.0203772  -0.040264
-0.0231549  0.0818576 -0.0471454   0.131316
 0.0203772 -0.0471454   0.104118   -0.13924
 -0.040264   0.131316   -0.13924   0.453753
RMSE:
0.246658
0.200828
  1.0837
0.750019

RMSE:
0.245094
0.203742
 1.07758
0.752274

Measurements:
 20.1556
0.367622
 4.11203

State:
 20.0633
0.343594
  3.9841

x_ = 18.8651
6.88572
3.09453
3.40159
P_ =    0.01665 -0.0250436  0.0227715 -0.0430009
-0.0250436  0.0835533 -0.0514144   0.131792
 0.0227715 -0.0514144    0.11176  -0.149209
-0.0430009   0.131792  -0.149209   0.451468
RMSE:
0.244203
0.202959
 1.07204
0.752185

RMSE:
0.242712
0.205118
 1.06719
0.752812

Measurements:
 19.9701
0.379671
 3.50583

State:
20.4909
0.36039
4.09526

x_ = 19.0729
7.26425
2.68472
3.36039
P_ =  0.0178705 -0.0271106  0.0252088 -0.0460067
-0.0271106  0.0852635 -0.0551789   0.132614
 0.0252088 -0.0551789   0.118755  -0.157911
-0.0460067   0.132614  -0.157911   0.450465
RMSE:
0.241547
0.204712
 1.06101
0.754736

RMSE:
0.240089
0.207769
  1.0553
 0.75738

Measurements:
20.7779
0.37828
3.78648

State:
 20.7811
0.374419
 3.72772

x_ = 19.3368
7.62163
2.70337
3.40629
P_ =  0.0191655 -0.0291629  0.0274891 -0.0489088
-0.0291629  0.0867523 -0.0582285    0.13336
 0.0274891 -0.0582285   0.124773  -0.165079
-0.0489088    0.13336  -0.165079   0.449899
RMSE:
0.239164
0.208215
 1.05027
0.760018

RMSE:
0.237782
0.212957
 1.04598
0.763313

Measurements:
 20.7048
0.405728
 3.77514

State:
 21.1621
0.385745
 3.78633

x_ = 19.5313
8.03806
2.60349
3.54064
P_ =  0.0205025 -0.0312131  0.0295693  -0.051724
-0.0312131  0.0883128 -0.0607633   0.134497
 0.0295693 -0.0607633   0.129817  -0.171102
 -0.051724   0.134497  -0.171102   0.450498
RMSE:
 0.23678
0.213663
 1.04182
0.765233

RMSE:
0.235433
0.218852
 1.03852
0.767717

Measurements:
 21.3856
0.401578
 3.38244

State:
 21.4974
0.401043
  3.7791

x_ = 19.7638
8.37103
2.38272
3.42247
P_ =   0.021909 -0.0332484   0.031873 -0.0543474
-0.0332484  0.0896901 -0.0636255   0.135125
  0.031873 -0.0636255   0.135968  -0.177759
-0.0543474   0.135125  -0.177759   0.449355
RMSE:
0.234769
 0.22142
 1.03453
0.772575

RMSE:
0.233602
 0.22953
  1.0314
0.777934

Measurements:
 21.7806
0.450652
 3.22397

State:
21.8175
0.41083
3.55129

x_ = 19.8996
8.89564
2.05461
3.62389
P_ =  0.0233061 -0.0352118  0.0338514 -0.0568573
-0.0352118  0.0910629 -0.0658064   0.136085
 0.0338514 -0.0658064   0.140683  -0.182976
-0.0568573   0.136085  -0.182976   0.449646
RMSE:
0.232736
0.230688
 1.02696
0.780621

RMSE:
0.231539
0.236526
 1.02329
0.783718

Measurements:
 21.9129
0.461931
 2.96707

State:
 22.1343
0.431537
   3.382

x_ = 20.0035
9.37554
1.70817
3.70607
P_ =  0.0248542 -0.0372048   0.036622 -0.0591597
-0.0372048  0.0920435 -0.0691872   0.135722
  0.036622 -0.0691872   0.148887  -0.190503
-0.0591597   0.135722  -0.190503   0.445448
RMSE:
0.230487
 0.23734
 1.01848
 0.78603

RMSE:
0.229266
0.242544
 1.01431
 0.78867

Measurements:
 22.3983
0.541745
 3.37282

State:
 22.4052
0.450033
 3.15022

x_ = 19.9694
10.2154
 1.4469
4.45573
P_ =  0.0265468 -0.0392159  0.0396319 -0.0614857
-0.0392159   0.092706 -0.0725172   0.134899
 0.0396319 -0.0725172   0.157568  -0.197834
-0.0614857   0.134899  -0.197834   0.440533
RMSE:
 0.22813
0.241348
 1.00957
0.784988

RMSE:
0.227219
0.240714
 1.00544
0.781456

Measurements:
 22.4479
0.502078
 2.77693

State:
22.7647
0.48738
 3.3651

x_ = 20.0413
 10.664
1.09232
4.30535
P_ =  0.0287013 -0.0413814  0.0445143 -0.0635098
-0.0413814  0.0923936 -0.0778962   0.131073
 0.0445143 -0.0778962   0.173592  -0.208543
-0.0635098   0.131073  -0.208543    0.42615
RMSE:
0.226202
 0.23949
 1.00051
0.778861

RMSE:
0.225391
0.239117
0.996045
0.776419

Measurements:
 23.0204
0.565755
 3.01803

State:
 23.0028
0.503291
 3.03339

x_ =  19.9905
 11.4023
0.800132
 4.73887
P_ =  0.0310622 -0.0436789  0.0485728 -0.0663554
-0.0436789  0.0922929 -0.0812158   0.129363
 0.0485728 -0.0812158   0.184203  -0.215811
-0.0663554   0.129363  -0.215811   0.419993
RMSE:
0.225228
0.239793
 0.99116
0.772478

RMSE:
0.225335
0.238648
0.986691
0.768608

Measurements:
  22.776
0.567455
 2.08835

State:
 23.321
0.53431
3.10187

x_ =  19.9209
  11.919
0.157635
 4.51265
P_ =  0.0337579 -0.0459956  0.0537199 -0.0687291
-0.0459956  0.0916064 -0.0853979   0.125946
 0.0537199 -0.0853979   0.199195  -0.224098
-0.0687291   0.125946  -0.224098   0.408063
RMSE:
0.226559
0.239775
0.981927
0.765396

RMSE:
0.227957
0.238758
0.977074
0.762253

Measurements:
 23.2786
0.540021
  3.0094

State:
 23.4626
0.555339
 2.51316

x_ =  19.9825
 12.3161
0.456158
 4.60619
P_ =  0.0365972  -0.048227  0.0584552 -0.0712359
 -0.048227  0.0907125 -0.0883848   0.123121
 0.0584552 -0.0883848   0.211622  -0.230525
-0.0712359   0.123121  -0.230525   0.399155
RMSE:
0.228599
0.238839
0.972936
0.758836

RMSE:
0.229246
0.237678
0.969404
0.755464

Measurements:
 23.5919
0.557529
  1.9646

State:
 23.7564
0.567849
 2.86187

x_ =  20.0184
  12.663
0.081942
 4.17199
P_ =   0.039459 -0.0504677   0.062342 -0.0741108
-0.0504677  0.0902473 -0.0903069   0.122035
  0.062342 -0.0903069   0.220086  -0.235468
-0.0741108   0.122035  -0.235468    0.39552
RMSE:
0.229421
0.236782
0.965028
0.754541

RMSE:
 0.22948
0.235994
0.961105
0.753565

Measurements:
 24.2413
0.530035
 2.16265

State:
23.9198
0.57858
   2.35

x_ =  20.1944
 12.8544
0.263921
 3.78188
P_ =  0.0421011 -0.0524549   0.065387 -0.0766787
-0.0524549   0.089876 -0.0914609   0.121525
  0.065387 -0.0914609   0.226204  -0.239216
-0.0766787   0.121525  -0.239216   0.393544
RMSE:
0.228431
0.235524
0.958847
0.756548

RMSE:
0.227368
0.237902
0.957556
0.759275

Measurements:
24.0255
0.59787
2.13842

State:
 24.1657
0.579465
  2.2917

x_ =  20.1438
 13.3089
0.084136
 3.84712
P_ =  0.0443288 -0.0542217  0.0668977 -0.0792923
-0.0542217  0.0900271 -0.0914459     0.1227
 0.0668977 -0.0914459   0.227338  -0.241332
-0.0792923     0.1227  -0.241332   0.396646
RMSE:
0.226342
 0.23761
0.955894
0.760959

RMSE:
0.225302
0.240277
0.955267
 0.76237

Measurements:
 24.4284
0.587035
 1.74881

State:
 24.3644
0.596841
 2.23179

x_ =    20.1741
   13.6216
-0.0829326
   3.58583
P_ =  0.0464819 -0.0557908  0.0695762  -0.080718
-0.0557908  0.0899104 -0.0930304   0.121935
 0.0695762 -0.0930304   0.234651   -0.24492
 -0.080718   0.121935   -0.24492   0.392333
RMSE:
0.224382
0.241717
0.954323
0.766613

RMSE:
0.223669
0.247311
0.954483
0.770382

Measurements:
 24.3813
0.632018
  1.7308

State:
24.5378
0.60619
1.97483

x_ =   20.0575
  14.0842
-0.343872
  3.65598
P_ =   0.048486 -0.0572137  0.0717983 -0.0821726
-0.0572137  0.0898171 -0.0941297   0.121528
 0.0717983 -0.0941297   0.240202   -0.24783
-0.0821726   0.121528   -0.24783   0.389789
RMSE:
0.222743
0.248716
0.953501
0.772819

RMSE:
 0.22206
0.254079
0.953585
0.774807

Measurements:
24.5168
0.60859
1.71283

State:
 24.6926
0.625113
 1.86059

x_ =   20.0633
  14.3516
-0.327746
    3.479
P_ =  0.0505533 -0.0584866  0.0749437   -0.08291
-0.0584866  0.0892988 -0.0960096   0.119565
 0.0749437 -0.0960096   0.249676  -0.251238
  -0.08291   0.119565  -0.251238   0.382332
RMSE:
0.221859
0.258507
0.955008
0.778381

RMSE:
0.222349
0.267897
0.957718
0.781368

Measurements:
 25.2206
0.654048
0.480334

State:
 24.8454
0.633089
 1.79408

x_ =   19.943
 14.7453
-1.01877
 3.07956
P_ =  0.0525339 -0.0597059  0.0772713 -0.0842106
-0.0597059  0.0889164 -0.0969477   0.118749
 0.0772713 -0.0969477   0.255409  -0.253814
-0.0842106   0.118749  -0.253814   0.379361
RMSE:
0.222444
0.273071
0.955549
0.789127

RMSE:
 0.22346
0.283122
  0.9542
0.795951

Measurements:
 25.0031
0.647734
 1.13996

State:
 24.9052
0.649038
 1.04974

x_ =   19.8556
  15.0579
-0.967101
  3.11353
P_ =  0.0544696 -0.0607098  0.0800445 -0.0848744
-0.0607098  0.0881454 -0.0981738   0.116822
 0.0800445 -0.0981738   0.263497   -0.25633
-0.0848744   0.116822   -0.25633   0.372968
RMSE:
0.224524
0.290523
0.954203
0.801397

RMSE:
0.226946
0.302958
0.955272
0.805992

Measurements:
 24.9602
0.695945
 1.21175

State:
 25.0326
0.661083
 1.14826

x_ =  19.6264
 15.5344
-1.14267
  3.3607
P_ =  0.0564181 -0.0616681  0.0827085   -0.08569
-0.0616681  0.0873424 -0.0991637   0.115132
 0.0827085 -0.0991637   0.270783  -0.258611
  -0.08569   0.115132  -0.258611   0.367683
RMSE:
0.227659
 0.30878
0.955799
0.807085

RMSE:
0.229783
0.318996
  0.9574
0.807595

Measurements:
 25.3368
0.698647
0.722698

State:
 25.1514
0.682838
 1.23413

x_ =  19.4551
 15.9203
-1.43767
 3.23075
P_ =  0.0585635 -0.0625089  0.0864814 -0.0857223
-0.0625089  0.0860436  -0.100809   0.111797
 0.0864814  -0.100809   0.282337  -0.260866
-0.0857223   0.111797  -0.260866   0.357185
RMSE:
0.231111
0.325002
0.957366
0.808693

RMSE:
0.234194
0.335142
0.958303
0.809163

Measurements:
   25.8559
  0.754598
-0.0612346

State:
 25.2344
0.699321
0.979406

x_ =  19.1175
 16.4701
-2.16816
 3.11324
P_ =  0.0608484 -0.0633124  0.0901559 -0.0860731
-0.0633124  0.0845868  -0.101957   0.108743
 0.0901559  -0.101957   0.292693  -0.262739
-0.0860731   0.108743  -0.262739   0.348316
RMSE:
0.234503
0.338357
0.955277
 0.81004

RMSE:
0.236333
0.344822
0.952753
0.810268

Measurements:
 25.3807
0.735616
 1.06382

State:
 25.2756
0.726074
0.445678

x_ =  18.8748
 16.8822
-1.99274
 3.48109
P_ =  0.0633412 -0.0638589  0.0948589 -0.0853685
-0.0638589  0.0824007  -0.103328   0.103764
 0.0948589  -0.103328   0.307136  -0.263664
-0.0853685   0.103764  -0.263664   0.333835
RMSE:
0.236901
0.347587
0.951912
0.807808

RMSE:
0.239232
0.353274
0.951864
0.805105

Measurements:
 25.2941
0.763391
0.672333

State:
 25.4098
0.745168
0.895892

x_ =  18.5931
 17.2863
-2.19393
 3.46893
P_ =  0.066144   -0.0645 0.0995183 -0.085364
  -0.0645 0.0802405 -0.104232 0.0996492
0.0995183 -0.104232   0.31984  -0.26458
-0.085364 0.0996492  -0.26458  0.322583
RMSE:
0.239883
0.355548
0.951097
0.802246

RMSE:
0.242454
0.360417
0.951083
0.799255

Measurements:
   25.3208
  0.762942
-0.0928738

State:
 25.4661
0.764834
0.819037

x_ =  18.3636
 17.5456
-2.51696
  2.9945
P_ =  0.0690559 -0.0650431   0.104078 -0.0853831
-0.0650431  0.0779578  -0.104737  0.0957004
  0.104078  -0.104737   0.331915  -0.264991
-0.0853831  0.0957004  -0.264991   0.311928
RMSE:
 0.24401
0.363932
 0.94955
0.797621

RMSE:
0.247969
0.370136
0.948638
0.795575

Measurements:
 26.1624
0.765956
0.152289

State:
 25.4261
0.777977
0.308742

x_ =  18.2029
 17.8357
-2.46851
 2.88336
P_ =  0.0718056 -0.0654522   0.107652 -0.0859125
-0.0654522  0.0757838  -0.104473  0.0928477
  0.107652  -0.104473   0.340433  -0.265349
-0.0859125  0.0928477  -0.265349   0.304929
RMSE:
0.251953
0.374224
0.948755
 0.79364

RMSE:
 0.25915
0.380888
0.949602
0.791343

Measurements:
   25.368
 0.793358
-0.253429

State:
 25.5128
0.790055
0.310966

x_ =  17.9221
  18.092
-2.70545
 2.61793
P_ =  0.0744427 -0.0658565   0.110765 -0.0866414
-0.0658565  0.0738925  -0.104126  0.0907188
  0.110765  -0.104126   0.347574  -0.265793
-0.0866414  0.0907188  -0.265793   0.299535
RMSE:
0.264054
0.385771
0.949293
0.789816

RMSE:
0.272463
0.393122
0.949627
0.787843

Measurements:
  26.0053
 0.861368
-0.164065

State:
  25.4645
 0.804897
0.0115215

x_ =  17.4338
 18.6185
-3.12298
 2.85502
P_ =  0.0768072 -0.0660032   0.113697 -0.0866709
-0.0660032  0.0719059  -0.103714  0.0881354
  0.113697  -0.103714   0.355256  -0.265404
-0.0866709  0.0881354  -0.265404   0.292538
RMSE:
0.275133
0.394868
0.947816
0.785001

RMSE:
0.280825
 0.39834
0.946464
0.782131

Measurements:
   25.889
 0.896317
-0.530322

State:
  25.5051
 0.834837
0.0196548

x_ =  16.8667
 19.1439
-3.70335
 2.89444
P_ =  0.0792881  -0.065752   0.118203 -0.0843924
 -0.065752  0.0692189  -0.103754  0.0827544
  0.118203  -0.103754   0.369771  -0.262254
-0.0843924  0.0827544  -0.262254   0.276638
RMSE:
0.281313
0.397983
0.943244
0.779377

RMSE:
0.284024
 0.39864
0.940217
 0.77684

Measurements:
 24.5786
0.838291
 -0.8677

State:
  25.4909
 0.866958
-0.190009

x_ =  16.6011
 19.1754
-3.70021
 2.32014
P_ =  0.0819944 -0.0651053   0.123456 -0.0810346
-0.0651053  0.0658438  -0.103252  0.0759599
  0.123456  -0.103252   0.386685   -0.25695
-0.0810346  0.0759599   -0.25695   0.257548
RMSE:
 0.28587
0.400218
0.937424
0.774291

RMSE:
0.290612
0.403173
0.934882
0.771599

Measurements:
  25.1552
 0.869372
-0.422421

State:
  25.3002
 0.874289
-0.594086

x_ =  16.2482
 19.3886
-3.61562
 2.38055
P_ =  0.0846137 -0.0646423   0.126601 -0.0809867
-0.0646423  0.0630825  -0.101648  0.0730023
  0.126601  -0.101648   0.393879  -0.255796
-0.0809867  0.0730023  -0.255796   0.251459
RMSE:
0.293111
 0.40499
0.932973
0.768893

RMSE:
0.298789
0.408067
0.931387
0.766336

Measurements:
  25.7265
 0.978244
-0.746329

State:
  25.2506
 0.890324
-0.424458

x_ =  15.4931
 19.9792
-4.32825
 2.64045
P_ =  0.0870072 -0.0640646   0.129579 -0.0804132
-0.0640646  0.0604686  -0.100203  0.0699935
  0.129579  -0.100203   0.401696  -0.253836
-0.0804132  0.0699935  -0.253836    0.24411
RMSE:
0.298279
0.407136
0.928148
0.765029

RMSE:
0.299404
0.406717
0.924961
0.764371

Measurements:
 24.8149
0.934393
 -1.0454

State:
   25.231
  0.93117
-0.465028

x_ = 15.0447
20.1636
-4.4869
2.28958
P_ =  0.0893391 -0.0626918   0.134368 -0.0754483
-0.0626918  0.0568277 -0.0986582  0.0627975
  0.134368 -0.0986582   0.418666  -0.244744
-0.0754483  0.0627975  -0.244744   0.223362
RMSE:
0.298857
0.405861
0.921792
0.762576

RMSE:
 0.29993
0.405465
0.918653
0.761315

Measurements:
 25.1535
0.988122
-1.29602

State:
  25.0779
 0.949577
-0.749679

x_ =  14.4155
 20.4939
-4.90769
 2.14202
P_ =  0.0919205 -0.0614627   0.138364  -0.073106
-0.0614627  0.0535095 -0.0965232  0.0581293
  0.138364 -0.0965232   0.430199   -0.23948
 -0.073106  0.0581293   -0.23948   0.211592
RMSE:
0.298922
 0.40417
0.916012
0.759933

RMSE:
0.298646
0.403066
0.913291
0.759179

Measurements:
 25.0236
0.985547
-1.50011

State:
  24.9544
 0.978815
-0.961002

x_ =  13.9038
 20.6919
-5.07237
 1.85642
P_ =  0.0943741 -0.0598448   0.142469 -0.0694541
-0.0598448  0.0499465 -0.0939625  0.0526469
  0.142469 -0.0939625   0.443167  -0.231512
-0.0694541  0.0526469  -0.231512   0.197006
RMSE:
0.297656
 0.40174
0.910939
0.757627

RMSE:
0.297143
0.400517
0.908497
0.756657

Measurements:
 24.6656
0.975748
-2.00913

State:
  24.806
 1.00029
-1.17694

x_ =  13.5276
 20.7175
-5.06348
 1.27404
P_ =   0.096806  -0.058187   0.146052 -0.0667513
 -0.058187  0.0465936 -0.0911277  0.0482785
  0.146052 -0.0911277    0.45369  -0.224918
-0.0667513  0.0482785  -0.224918   0.185851
RMSE:
 0.29621
0.399382
0.905963
 0.75424

RMSE:
0.296238
0.398415
0.903379
0.752053

Measurements:
 24.9733
 1.01073
-1.83426

State:
 24.5777
 1.01243
-1.60208

x_ =  13.0498
 20.8541
-5.08758
 1.15234
P_ =  0.0988651 -0.0566066   0.148293  -0.065767
-0.0566066  0.0437136 -0.0882304   0.045683
  0.148293 -0.0882304    0.45961   -0.22138
 -0.065767   0.045683   -0.22138   0.179864
RMSE:
0.295315
0.397227
0.900811
0.749888

RMSE:
 0.29534
0.396143
0.898215
0.748078

Measurements:
 24.5425
 1.08233
-2.03069

State:
 24.4334
  1.0318
-1.62236

x_ =   12.287
 21.1043
-5.56644
 1.09617
P_ =   0.100565 -0.0549122   0.150378 -0.0637962
-0.0549122  0.0410048 -0.0854998  0.0427554
  0.150378 -0.0854998   0.466467  -0.215988
-0.0637962  0.0427554  -0.215988   0.171962
RMSE:
0.294935
0.394899
0.897358
0.746519

RMSE:
0.293998
0.393646
0.896413
0.745504

Measurements:
 24.4724
 1.04012
-2.24199

State:
 24.2411
 1.06569
-1.73434

x_ =  11.8885
 21.1154
-5.43463
0.719491
P_ =   0.101847 -0.0525867   0.152849 -0.0584769
-0.0525867  0.0378822 -0.0821455  0.0377317
  0.152849 -0.0821455   0.477064  -0.204043
-0.0584769  0.0377317  -0.204043    0.15743
RMSE:
0.293275
  0.3924
0.894791
0.743552

RMSE:
0.292466
0.391164
0.893135
0.742004

Measurements:
 23.6708
  1.0622
-2.41489

State:
 24.0336
 1.07918
-1.93112

x_ =  11.4246
 21.0747
-5.40008
0.364884
P_ =   0.103215   -0.05055   0.154624 -0.0562889
  -0.05055  0.0352371  -0.078944  0.0349672
  0.154624  -0.078944   0.483226  -0.198139
-0.0562889  0.0349672  -0.198139    0.15034
RMSE:
0.291698
0.389963
0.891326
 0.73985

RMSE:
0.290961
0.388778
0.889513
0.737982

Measurements:
 23.1085
 1.09641
-2.60844

State:
  23.752
 1.09476
-2.15033

x_ =   10.8477
   21.033
 -5.52364
0.0697568
P_ =   0.104089 -0.0484745   0.155601 -0.0543298
-0.0484745  0.0328386  -0.075793  0.0326566
  0.155601  -0.075793   0.487744   -0.19263
-0.0543298  0.0326566   -0.19263   0.144224
RMSE:
0.290516
0.387655
0.888205
 0.73579

RMSE:
0.289638
0.386533
0.886907
0.733826

Measurements:
 23.3261
 1.16045
-2.31884

State:
 23.4238
 1.11573
-2.36512

x_ =  10.0477
 21.1521
-5.88545
0.218086
P_ =   0.104401   -0.04616    0.15615 -0.0511569
  -0.04616  0.0304738 -0.0724552  0.0298775
   0.15615 -0.0724552   0.492576  -0.184662
-0.0511569  0.0298775  -0.184662   0.136329
RMSE:
0.291583
0.385364
0.887689
0.732774

RMSE:
0.291487
0.384221
0.888495
0.732315

Measurements:
 23.5158
 1.13252
-2.69781

State:
 23.1907
 1.15066
-2.20147

x_ =   9.58771
  21.1167
 -5.77793
-0.114838
P_ =   0.104403 -0.0433084   0.157016 -0.0448434
-0.0433084  0.0278178 -0.0683433   0.025518
  0.157016 -0.0683433   0.500166  -0.169887
-0.0448434   0.025518  -0.169887   0.123494
RMSE:
0.293103
0.383079
0.888639
0.730896

RMSE:
0.292858
0.381978
0.888845
0.729966

Measurements:
  23.102
 1.15259
-2.34951

State:
  22.948
 1.16731
-2.37417

x_ =   9.09561
   21.086
 -5.64897
-0.125442
P_ =   0.104712  -0.040761   0.157844 -0.0416134
 -0.040761  0.0255319   -0.06456   0.022939
  0.157844   -0.06456   0.505221  -0.161401
-0.0416134   0.022939  -0.161401   0.116478
RMSE:
0.294509
0.380894
0.888376
0.729568

RMSE:
0.294301
0.379887
0.887997
0.729842

Measurements:
 23.0793
 1.14018
-2.84906

State:
 22.7346
 1.18615
-2.23594

x_ =   8.80974
  20.9578
 -5.32541
-0.578213
P_ =   0.104941 -0.0383277   0.158499 -0.0387967
-0.0383277  0.0234968 -0.0609975  0.0207975
  0.158499 -0.0609975   0.509519  -0.153493
-0.0387967  0.0207975  -0.153493   0.110351
RMSE:
0.294347
0.378784
0.886266
0.728458

RMSE:
0.293523
 0.37775
0.884623
0.727533

Measurements:
22.3004
1.11349
 -2.998

State:
 22.4794
 1.19371
-2.49848

x_ =  8.71097
 20.6873
 -4.7351
-1.05655
P_ =   0.104944  -0.036274   0.158375 -0.0382943
 -0.036274  0.0219067 -0.0580877  0.0199309
  0.158375 -0.0580877   0.510746  -0.150524
-0.0382943  0.0199309  -0.150524    0.10787
RMSE:
0.292729
0.376749
0.882051
0.725545

RMSE:
0.292865
0.375676
0.879498
0.723782

Measurements:
 22.1131
  1.1862
-3.20417

State:
 22.1689
 1.19009
-2.74035

x_ =  8.24967
 20.5424
-4.79069
-1.33976
P_ =   0.104241 -0.0347162   0.156648 -0.0402894
-0.0347162  0.0208518 -0.0560886  0.0204069
  0.156648 -0.0560886   0.507321  -0.153108
-0.0402894  0.0204069  -0.153108   0.109376
RMSE:
0.292103
0.374712
0.876987
0.721753

RMSE:
0.292303
0.373657
0.874514
0.719884

Measurements:
 22.2583
 1.18911
-3.51245

State:
 21.8377
 1.20699
-2.95676

x_ =  7.90103
 20.3687
-4.69349
-1.69222
P_ =   0.103094 -0.0330902   0.155309 -0.0388374
-0.0330902  0.0198425 -0.0541692  0.0195618
  0.155309 -0.0541692   0.507485  -0.148168
-0.0388374  0.0195618  -0.148168   0.105813
RMSE:
  0.2919
0.372746
0.872032
0.717839

RMSE:
0.292961
0.371714
0.869583
0.715833

Measurements:
 21.333
 1.2319
-3.3258

State:
 21.5232
 1.21825
-3.20874

x_ =  7.34608
 20.2027
-4.83183
-1.74321
P_ =   0.101739 -0.0315205   0.153826 -0.0373341
-0.0315205  0.0189286 -0.0522533  0.0187109
  0.153826 -0.0522533   0.507212  -0.143337
-0.0373341  0.0187109  -0.143337   0.102528
RMSE:
0.292268
0.370796
0.867335
0.713887

RMSE:
0.292588
0.369768
 0.86517
  0.7121

Measurements:
    21.3
 1.24122
-3.35883

State:
 21.1715
 1.24068
-3.21536

x_ =  6.86951
 20.0297
-4.84612
-1.82245
P_ =   0.100133  -0.029656   0.152462 -0.0335649
 -0.029656  0.0178754 -0.0497256  0.0169391
  0.152462 -0.0497256   0.508392  -0.133433
-0.0335649  0.0169391  -0.133433  0.0963869
RMSE:
 0.29186
0.368823
 0.86313
0.710366

RMSE:
0.292016
0.367803
0.861201
0.708874

Measurements:
 21.2882
  1.2518
-3.50165

State:
 20.8491
 1.25955
-3.21898

x_ =  6.45248
 19.8514
-4.79548
-1.98319
P_ =  0.0985661 -0.0276877   0.151192 -0.0299469
-0.0276877  0.0167925 -0.0468599  0.0152147
  0.151192 -0.0468599   0.509336  -0.123802
-0.0299469  0.0152147  -0.123802  0.0908935
RMSE:
0.291358
0.366824
0.859268
0.707235

RMSE:
0.291673
0.365839
0.857461
0.705849

Measurements:
20.2062
1.30633
-3.8691

State:
 20.5406
 1.27575
-3.29195

x_ =  5.80533
 19.6339
-5.10554
 -2.3064
P_ =   0.097077 -0.0257382   0.149966 -0.0270171
-0.0257382  0.0157624 -0.0439368  0.0137872
  0.149966 -0.0439368   0.509735  -0.115571
-0.0270171  0.0137872  -0.115571  0.0865254
RMSE:
0.290947
0.364861
0.857001
 0.70401

RMSE:
0.290318
0.363916
0.856776
0.702318

Measurements:
 19.8966
 1.26707
-3.80305

State:
20.1127
 1.3044
-3.5691

x_ =   5.4989
 19.3132
-4.79729
 -2.5144
P_ =  0.0951367 -0.0233763   0.148205 -0.0218942
-0.0233763  0.0145929 -0.0401645  0.0117165
  0.148205 -0.0401645   0.509958  -0.101889
-0.0218942  0.0117165  -0.101889  0.0801522
RMSE:
 0.28955
0.363035
0.855434
0.700479

RMSE:
0.289345
0.362066
 0.85428
0.698759

Measurements:
  20.175
 1.27537
-3.51253

State:
 19.7114
 1.31333
-3.65307

x_ =  5.23786
 19.0594
-4.45682
-2.44833
P_ =  0.0933215 -0.0212995   0.146383 -0.0200185
-0.0212995  0.0136353 -0.0369508  0.0107785
  0.146383 -0.0369508   0.508538 -0.0959531
-0.0200185  0.0107785 -0.0959531  0.0775358
RMSE:
0.288927
0.361172
0.852308
0.697372

RMSE:
0.289638
0.360229
 0.85046
0.696243

Measurements:
  19.458
 1.36444
-3.99074

State:
 19.4153
 1.32139
-3.47264

x_ =  4.56855
 18.8398
-4.86189
-2.70937
P_ =  0.0915917 -0.0195524   0.144601 -0.0192847
-0.0195524   0.012889 -0.0344061  0.0102904
  0.144601 -0.0344061   0.506571 -0.0925071
-0.0192847  0.0102904 -0.0925071  0.0759812
RMSE:
0.288913
0.359286
0.850298
0.694653

RMSE:
0.288324
0.358451
0.850412
0.693251

Measurements:
19.0503
1.32192
-3.6392

State:
 19.0124
 1.35439
-3.69012

x_ =  4.25411
 18.5387
 -4.5853
-2.70548
P_ =   0.089353 -0.0173811   0.142295 -0.0142655
